"V1" "V2" "V3" "V4" "V5" "V6" "V7" "V8"
"1" 0.516814254567099 0.907930934702343 0.738770602159625 0.275844791724751 0.00585629940232432 0.00154473335955105 0.618936359398116 0.236230335943729
"2" 0.315757433684006 0.860240354204079 0.292128093578057 0.377177825908911 0.00266074470765558 0.189151597560324 0.385150623458617 0.298479232496301
"3" 0.625700724728281 0.0494129060303959 0.980811688392895 0.714141573154767 0.349971855468724 0.258846874760158 0.609223490870164 0.360711067872435
"4" 0.101180352475272 0.451741437439513 0.0928091776427061 0.489399944179912 0.83325358181152 0.164226862043174 0.172640340548617 0.299300838869692
"5" 0.0457874540724426 0.44397845744667 0.0582770634697405 0.72457439758993 0.299230739530602 0.937457496248401 0.0378109701920083 0.0960470523912163
"6" 0.133485557587281 0.122846039676033 0.900644475120596 0.831226352283611 0.0705856049170739 0.895734059490318 0.205155575928708 0.145339607190855
"7" 0.935630417846926 0.432495715318311 0.710980993931906 0.901003471744692 0.126363195817246 0.607471221552011 0.837540181941388 0.300055910437827
"8" 0.905705892630934 0.681774705710308 0.845507112368925 0.0663183559221169 0.273610526641543 0.190124652244673 0.992706229038572 0.68285675220033
"9" 0.926035861495153 0.545760769956168 0.27674566652472 0.516151675807597 0.535760708297103 0.938323052001939 0.955918616284846 0.558099624954788
"10" 0.581330745573138 0.00213284658769833 0.857640916943911 0.714428215682216 0.319880629540187 0.251084166880945 0.527494124882219 0.25967818180275
"11" 0.885042098213288 0.52372489547056 0.332084817102195 0.56972633402698 0.593245179652246 0.367097472531375 0.776421367374343 0.781792993989994
"12" 0.703912206031594 0.265703750029045 0.571414412156135 0.235389763948798 0.72343831737557 0.480957376644714 0.84581234756246 0.51739161033201
"13" 0.561758744682683 0.0507843944594447 0.959687522391224 0.741694613118962 0.334940065563416 0.232454291929049 0.561508845610493 0.386009295276588
"14" 0.782694970746172 0.944592436091273 0.0211608805622407 0.593044742495461 0.769579038684928 0.865018328721422 0.772645426112586 0.946937024988875
"15" 0.969543988065785 0.118972039174572 0.0173035988805851 0.279216660768621 0.421548243716991 0.788459872900557 0.82393532572204 0.849579898057181
"16" 0.223807894725117 0.870425280496246 0.567598763616433 0.322728111987005 0.388875194665167 0.0539670986385184 0.298847633412636 0.444175431071426
"17" 0.60612245762521 0.939767319628617 0.763051479697964 0.245169733576636 0.516097999417803 0.616201759007272 0.51306071954315 0.866663335470313
"18" 0.800591708628674 0.190592796688581 0.806586714552243 0.966715972341728 0.614875667842134 0.490963777474371 0.859123540210041 0.949116607965422
"19" 0.933110114649682 0.716656121180525 0.836050036424338 0.016433302950769 0.236923347993559 0.175557513565589 0.919403586727747 0.701632313053751
"20" 0.317939885338578 0.771525347957627 0.626112595954105 0.416304635593123 0.656365520335017 0.0538244586191686 0.215216233097124 0.116990000919687
"21" 0.0436705190483617 0.416463400778782 0.0837129021742318 0.730203791051494 0.411847529019873 0.923252733897454 0.041380499735728 0.0888845830643565
"22" 0.576320411038985 0.569028885112971 0.86126386286905 0.607762543401005 0.705917972108699 0.168068545879567 0.711424972108997 0.100454374138248
"23" 0.698913859507378 0.126129044900768 0.147604054976495 0.999208970802392 0.676525699745451 0.597171342389806 0.74659576266863 0.0975437025849644
"24" 0.63386927144832 0.995978911916521 0.729384031143353 0.318938934546477 0.5293140533166 0.658654814957367 0.54842130088972 0.775556019666482
"25" 0.602441513358273 0.033007380982028 0.409688127158511 0.66740489891604 0.884275788936338 0.341788518830134 0.690654953062201 0.294841903452436
"26" 0.875018076907248 0.637941384240225 0.341358265977708 0.712033159609563 0.723710207557485 0.69347144684878 0.919667556445577 0.851878531726233
"27" 0.539825797930333 0.0172976904665468 0.972038365875406 0.676820338373219 0.450503732109814 0.230144931082105 0.653847483885821 0.358568807053575
"28" 0.378991890767796 0.0425031274393299 0.238187309737009 0.00312460870955722 0.907331915824673 0.894247447914094 0.369699165549723 0.145570227420234
"29" 0.998172267115073 0.15394303260033 0.238661920560641 0.304175823788936 0.499313964848315 0.55251511115592 0.925067809676508 0.552800391993681
"30" 0.0459783015240288 0.641293861440173 0.0723444283955189 0.796235976513006 0.163134742017046 0.218283280570792 0.0139270344948317 0.0816983914644465
"31" 0.50062781138045 0.556023382965393 0.112542946057849 0.163420760533192 0.639975882028794 0.919666554889538 0.718371211574223 0.44767144546632
"32" 0.845676624788371 0.878619942431756 0.182459181192956 0.517059369883251 0.980810056530732 0.355259428380258 0.8708217150906 0.865850732857745
"33" 0.0767830634750836 0.0289159882471162 0.23651213434559 0.140743051641346 0.691121872535815 0.410872142575836 0.0205549204852502 0.429827695772113
"34" 0.912466377115431 0.993744865525599 0.951548607655343 0.176180438692168 0.776222224208022 0.268603017721902 0.906831120004371 0.984044676213764
"35" 0.413147043057976 0.562330943751842 0.843670538056131 0.5495215430381 0.885345493337001 0.12452625174511 0.504744394828542 0.445032310960809
"36" 0.132051071132052 0.868733772105393 0.516119959081066 0.35878242307032 0.408499173294418 0.0583352443799376 0.205049775241121 0.413632109120113
"37" 0.331498259560352 0.847001920915511 0.560633263111718 0.338247797376551 0.394065743716393 0.133069847651842 0.369751708951924 0.414084019507961
"38" 0.87046999330414 0.700606993637211 0.821034176988884 0.0455790758281708 0.289745269568928 0.148164063396749 0.951501740476138 0.691492969914416
"39" 0.642202031578474 0.143288034733002 0.18407717790548 0.983642986493058 0.686031555126211 0.685644457856438 0.716484334918551 0.274839615694351
"40" 0.316015710918054 0.835616914888179 0.661817185648617 0.0984330363618474 0.769375199834002 0.794371146514232 0.266121365928013 0.595715998706385
"41" 0.0645751488122401 0.334174847532247 0.0786004751537978 0.48328269876395 0.774125056468039 0.217912804386489 0.141941722609505 0.360003584182503
"42" 0.560823623093031 0.38072863606227 0.452106283692707 0.842382634731925 0.820631100349242 0.53368212692605 0.616858012936055 0.852074450828024
"43" 0.424187492097222 0.334855100015966 0.0363592923326316 0.872081132043696 0.879556583457969 0.379708625127164 0.481316067911717 0.192149910256583
"44" 0.0243987277820711 0.380315803508705 0.0712349108352779 0.739277557144051 0.395400446385217 0.944347758885217 0.0295941990840574 0.0929846663537805
"45" 0.340133938615529 0.685859270723186 0.674205502568745 0.492701483860117 0.728483186397358 0.10618279087203 0.285783114604071 0.136646122806251
"46" 0.317942217323067 0.367989839609445 0.464761981488291 0.804457626424493 0.828649589197711 0.563112464950798 0.411186181744769 0.868554972998799
"47" 0.830273329940854 0.649259209675388 0.912174372121238 0.610784239510022 0.829044465781436 0.713146500900956 0.79140697883356 0.769263191832211
"48" 0.127741735716162 0.187558254554424 0.848643427948099 0.936458751668017 0.469696015490346 0.484323959033173 0.106072166469663 0.816942612288353
"49" 0.235025280403146 0.134871892856336 0.917054583706706 0.238598810918237 0.397271580397978 0.369897913196157 0.335677729397144 0.671697392087045
"50" 0.694770408799318 0.448241278395395 0.383740699918094 0.337141774872088 0.538190928009344 0.435024346705789 0.649280485111837 0.484281666120052
"51" 0.431728545600224 0.18958399472728 0.170252368218504 0.365348486665702 0.0908986882109663 0.551711286625443 0.235191781722906 0.520557492521985
"52" 0.897170872749203 0.618798422965505 0.343648865269332 0.689828991702017 0.66417051041144 0.633983426146162 0.870085536567982 0.797546531354512
"53" 0.557497986341691 0.0384314308293 0.398639333018127 0.681113988739064 0.897535159819345 0.412871980551393 0.536979374319188 0.269139578705098
"54" 0.310142991212967 0.968257296292091 0.53874493104509 0.914935721504397 0.914901926001665 0.802077808682285 0.340305418659521 0.339403378929497
"55" 0.125771618387859 0.315147432714157 0.146906026368469 0.74737446173096 0.36530891141589 0.884849155219181 0.0955918202414194 0.0977957475242191
"56" 0.952052842284156 0.584132727701324 0.33133866462231 0.556130011286828 0.449402088198729 0.877366207129769 0.976617957814388 0.793757009701613
"57" 0.958551555579179 0.414339990079166 0.600053833218185 0.865715330751956 0.536627310791311 0.212396353846648 0.81437401575147 0.697202392529725
"58" 0.785910857174378 0.217928584685933 0.124944879172579 0.944483283144069 0.78279377067051 0.849231491238781 0.825784879901793 0.573502499147537
"59" 0.667183783303503 0.623494698235026 0.378277587915815 0.634170964666338 0.582242792756459 0.83874573613152 0.893435144205568 0.366472633315043
"60" 0.264229613673784 0.178529605604815 0.775389437357432 0.463346556115421 0.908833757477161 0.587276992995451 0.381648713641228 0.989907760348793
"61" 0.676931111081908 0.14040814358876 0.182515544419972 0.976923410790446 0.146573361147216 0.588169643684196 0.629492440592657 0.810161585901698
"62" 0.347740326764113 0.87083086619187 0.74068814048396 0.120046473583617 0.790564760127125 0.790579800185096 0.404300955926604 0.709781322145208
"63" 0.86474002950274 0.66694819242722 0.973643931310458 0.643324969678706 0.804433739443186 0.655042956739495 0.75821510240468 0.677013034762878
"64" 0.820317438815304 0.667861556019712 0.939745334286448 0.589957381343409 0.753704837555576 0.690197536293836 0.697566667998442 0.719591884144733
"65" 0.520065642082806 0.0365208613154984 0.916106894113437 0.72602707630072 0.436753967700251 0.251575321611978 0.573917696960095 0.172424306127473
"66" 0.202241217965076 0.0686694514626519 0.423718358669933 0.834290569239448 0.0621503631795948 0.840879680009003 0.122502245799263 0.00774014780611344
"67" 0.807510325879993 0.203766624217789 0.896919441885977 0.173626049227116 0.452587394040415 0.361224414157432 0.737809607775189 0.256680407500285
"68" 0.309192776573183 0.45104104041605 0.52581564992246 0.852385860308375 0.464724407080346 0.986652226064897 0.355813332593106 0.053553703114625
"69" 0.876050050505445 0.610392031300267 0.36648445282245 0.664621032445391 0.738125902559285 0.679171279001918 0.886443023678629 0.812718723564141
"70" 0.219056225152267 0.615752941788562 0.435601205703641 0.1126658690835 0.0669933795733643 0.794938296081867 0.185425597743106 0.563120926253252
"71" 0.844999011865194 0.721476917283124 0.918798896717394 0.608986045438338 0.797286554212729 0.745124067261214 0.746476772395173 0.611157908528552
"72" 0.75219724346866 0.130133299942051 0.868527380464974 0.402737148857045 0.41782896086711 0.802714767675498 0.623613379609139 0.637257786908541
"73" 0.901956054411565 0.723871322096463 0.884087388368993 0.586317408716986 0.275083665899448 0.598487260365531 0.833832654273274 0.585743965404699
"74" 0.853297741925159 0.197088080131881 0.567100679160715 0.89275704732742 0.620703052459402 0.443958186763852 0.841495730178525 0.832904017826769
"75" 0.625710291568171 0.102677910896287 0.607886225397467 0.957577249247407 0.586012352772257 0.32793016074123 0.384627660420714 0.77160183775822
"76" 0.299263569015891 0.0841543596871774 0.907358285542345 0.284512622151441 0.487347592595422 0.350340959181553 0.31624530690458 0.522334295159441
"77" 0.667734163195679 0.279300212700153 0.228109244816016 0.13846981789056 0.952669244121756 0.786142177376508 0.620157215673615 0.600795663980103
"78" 0.755850601704334 0.309105482439036 0.428014701368189 0.0638780505682395 0.0856584206723283 0.326822709673056 0.924220799226093 0.656021240502054
"79" 0.990843079496635 0.749395220512383 0.0855248657163323 0.259831503388278 0.199237875654355 0.133580316589952 0.997608182465835 0.717355106918372
"80" 0.306207874882294 0.1071234140181 0.92377408858355 0.263279495226561 0.487726868383685 0.321116622224243 0.397765242485445 0.4811309180589
"81" 0.305772024333879 0.0592271048834785 0.263068589948252 0.0577157684945892 0.868954139175043 0.932020549594184 0.312332958229588 0.174499120067127
"82" 0.987433507023439 0.433113577290371 0.0127773396681695 0.0378252315874972 0.495206866805799 0.0577800332569082 0.990989768397382 0.982454003857791
"83" 0.508819776215512 0.781473315956515 0.515389360871336 0.451037109632227 0.232560548957259 0.796062498997606 0.526673786146495 0.107146035107245
"84" 0.679669393147418 0.774278583877735 0.06028436621722 0.434443459600313 0.505683751501532 0.033636292799221 0.801761235916396 0.292695813429916
"85" 0.593204458815976 0.883014045265703 0.756703034897232 0.276969276141592 0.0355245689202457 0.00454632218126307 0.639139709300799 0.289793867163783
"86" 0.0687029786732965 0.209905053708497 0.615404507856453 0.0176892820039305 0.123738370410405 0.725882420878754 0.0935626092000035 0.0897050196212338
"87" 0.0993637189285119 0.777768622272681 0.80203751256864 0.312047821750161 0.691646966232086 0.265382137375569 0.213780269978812 0.305112596708608
"88" 0.166508972296087 0.391324980497919 0.0828177995933459 0.955221498696716 0.275657238552003 0.650864461502404 0.273773535867495 0.249804773413734
"89" 0.651804351035945 0.0427516757897274 0.120854591852588 0.216452246079573 0.329691356926287 0.499462707229417 0.465470983659937 0.771640464775048
"90" 0.624555734291261 0.141395405630177 0.207097731224389 0.99867505781525 0.697910654044632 0.660137590069514 0.6860675283506 0.298456858023209
"91" 0.77883704712106 0.295910351142447 0.39794008614002 0.088532070344157 0.0701700567810959 0.322748810183128 0.875512592322021 0.672335368285531
"92" 0.707607329654912 0.162318916389045 0.138523711997698 0.953700638563074 0.193739229003485 0.572883817569055 0.686981742517712 0.827742225541528
"93" 0.874656931716225 0.908527563055638 0.655104379162788 0.64924723021347 0.0722894195958739 0.761655948366164 0.562649168934519 0.446846241888502
"94" 0.421285719900116 0.0725757653056535 0.277547976772812 0.0285112243968966 0.903428903558238 0.882814155509506 0.407470531665376 0.165995069350502
"95" 0.868884720621432 0.180866426563911 0.59767843511297 0.884751187289865 0.602982171461943 0.484923810932993 0.795182043886367 0.912132886633332
"96" 0.755871191476497 0.777993810416636 0.101991102484319 0.471505638806601 0.515433797037476 0.0745408612943818 0.862986645657956 0.362021255932848
"97" 0.980222616360709 0.294004959860205 0.0948547706584347 0.858216763333714 0.617904938080602 0.271673832989414 0.96800462400836 0.234942703138002
"98" 0.265144596590373 0.0869614283735011 0.986567134027013 0.243762232891729 0.428289855761748 0.371806013855004 0.316160523197998 0.449889923544475
"99" 0.0912916619578494 0.833212448322672 0.85029110468541 0.611567696236225 0.513211526144455 0.853788285087144 0.135135270653616 0.473450952519516
"100" 0.557284227299695 0.968634609060604 0.752779199633021 0.323623896631666 0.551233191097986 0.664400603037576 0.510120452409437 0.817929905958387
"101" 0.310208974485348 0.122564958565007 0.446131830971437 0.921346859027938 0.600579923077973 0.117579130827389 0.359259648289612 0.0301662914184828
"102" 0.0478267459538948 0.96989285552594 0.435104846677105 0.803194519317388 0.000519690862217035 0.00131513310754012 0.0763288117416134 0.987550817390612
"103" 0.273542313026247 0.528353182156436 0.477336850792827 0.575125906938923 0.244874652331784 0.424314598053262 0.398557602691575 0.785125247504547
"104" 0.504432413753931 0.807622601408666 0.615508789904757 0.209140774352393 0.177515814524897 0.959239385103544 0.487862081691273 0.591017910459268
"105" 0.424893134042022 0.458981364198994 0.465967754365458 0.840724782161054 0.85030061279521 0.550877380856652 0.500925981371035 0.894476893281542
"106" 0.931383220124331 0.455930478406623 0.713220270050313 0.888523481965467 0.0719417795091149 0.668533809122947 0.920393583421691 0.420854634443782
"107" 0.49061262419354 0.372414320827938 0.420416879686609 0.800121106411466 0.752462532225983 0.589085035761019 0.607420007039968 0.769797702660953
"108" 0.972621373403681 0.767137011708059 0.823436900972394 0.0100769201315286 0.300123594425597 0.180578208118816 0.978087019643701 0.67425023662772
"109" 0.224794553423883 0.820903415953401 0.783050793968067 0.432671975954319 0.904321304807227 0.418431582214414 0.447591106877845 0.449764949738281
"110" 0.735150448076857 0.133526910535825 0.594783398261736 0.243921424204245 0.63687375242001 0.463263340594604 0.852424006123222 0.55968273575237
"111" 0.375207673435548 0.878557576782862 0.0167425930513112 0.901842089230583 0.210362352434528 0.0503407776642085 0.606826250543025 0.451690753077508
"112" 0.315246517858048 0.0582399546642909 0.368694723568227 0.385390180836512 0.564013852182291 0.505508495444105 0.284858923644047 0.253890974761501
"113" 0.211938257192399 0.11255069061023 0.922475384400506 0.258243395469751 0.487872101895019 0.319273053564441 0.308016435452321 0.672244285013882
"114" 0.448661956756248 0.496342659688731 0.530411435398711 0.0523986269717036 0.573128525666136 0.663195355264251 0.596816391624305 0.898121395658026
"115" 0.798190695712142 0.239609300158728 0.105666562033937 0.976648278150838 0.704692414423425 0.853166641426156 0.793656493473458 0.511908131756185
"116" 0.0647863528518509 0.627857780510476 0.0999941554642107 0.826455051785078 0.178738398638102 0.240319098472646 0.0446435959006143 0.136116916693349
"117" 0.125629691359066 0.967127883408689 0.178146970903081 0.802243546974897 0.900441564513052 0.446915271770254 0.0445398068450772 0.200539086164478
"118" 0.811683788492503 0.172903806572269 0.780722598804743 0.915813920962395 0.660621372707486 0.463142436420629 0.864570131919748 0.927701301050436
"119" 0.312641208748746 0.724433743497231 0.651314953920295 0.472089288108138 0.67861934978883 0.0060247543713564 0.32339992144111 0.124863138713991
"120" 0.682114774238303 0.281770713090777 0.250536608929089 0.154603329581942 0.974816369292291 0.77333129717653 0.678598089462334 0.594824689744762
"121" 0.324200751668372 0.97068841146775 0.523791604985866 0.84175660031281 0.949024058906811 0.719021817399008 0.351952011686202 0.35445997385521
"122" 0.408634802867286 0.765058726849817 0.612214680239904 0.129844051081821 0.618893942051599 0.0784963366700154 0.649354947965762 0.849236744312494
"123" 0.0985392086955219 0.345594002065436 0.436687443176383 0.413912180078987 0.820061863728671 0.854615614655201 0.274052076620778 0.457299792415435
"124" 0.660645515470535 0.972496929157002 0.727787883265298 0.367853078702893 0.486750541524328 0.556571633329158 0.542576061245629 0.808043906612761
"125" 0.154320391649083 0.361104977182617 0.0163249706291072 0.930578930787644 0.211249416574479 0.696458379491463 0.194807280555922 0.145477547101304
"126" 0.152385904367577 0.282957926759729 0.821699013701487 0.851841018112375 0.199053572611544 0.32646840004521 0.296495994767052 0.517292796883243
"127" 0.216167437657327 0.100757106222226 0.968373409241851 0.230209594072243 0.406877668067933 0.36260848970267 0.31707625787684 0.529526435413877
"128" 0.541041351330143 0.362156060063983 0.0191377217253837 0.871174078949169 0.918363084897723 0.409382991702462 0.481874029557294 0.198574966584115
"129" 0.742480668257447 0.264112871841026 0.351862535011503 0.046955206180257 0.100337324186158 0.257361077023685 0.882296238660752 0.43154196919025
"130" 0.956414498645722 0.504431540752564 0.551722466129319 0.848532081169111 0.552950669157756 0.194226962971723 0.860078896706929 0.748599295217039
"131" 0.0320521801245915 0.709026248779885 0.0533281230952407 0.751800998800382 0.210602159650723 0.164681625170854 0.10313674520712 0.223936419372181
"132" 0.335721115964129 0.962196313424019 0.486229086468777 0.852123084261674 0.96670722972135 0.791358128259628 0.372310719310996 0.320085353904933
"133" 0.773971253912858 0.270150868960931 0.140403446093935 0.944884003592746 0.82199943972224 0.787043960634328 0.839558380587937 0.525658157148928
"134" 0.614920761525954 0.0248622475614294 0.9184559275179 0.69899089672293 0.404701421614372 0.265036654986136 0.602384481402984 0.30439094823248
"135" 0.385800813792557 0.96395028988833 0.433242865444746 0.835520392051745 0.980235983288362 0.726115012012452 0.378483377716695 0.381809584680279
"136" 0.439865555881996 0.685929402481065 0.758203127141725 0.169467296747565 0.204036923445803 0.151869113118064 0.627354751312795 0.492778460778658
"137" 0.552785996122501 0.0651895589356176 0.101971506935762 0.208109706665589 0.32644946485231 0.517817740215551 0.47211382004347 0.748314564507449
"138" 0.831769635735778 0.84805599241276 0.217904105492281 0.516978095666069 0.980849310027273 0.303929570787322 0.851475131739933 0.801117796543826
"139" 0.324291450896745 0.689622882356189 0.58588044256523 0.374164790917826 0.672112307914647 0.0670386222451904 0.318436810274677 0.252458665136712
"140" 0.460717813889834 0.500663206590198 0.263361785882625 0.373399724407901 0.982626016360476 0.661091710460994 0.365352204764559 0.660302935667178
"141" 0.0241634921812916 0.299362912154704 0.951174593207246 1 0.470754834535833 0.583087702992379 0.173034680041365 0.767279167928458
"142" 0.24860524195328 0.674034801376714 0.567808830246545 0.220229533311463 0.87743063984803 0.537498752378628 0.01372787060289 0.386166686812813
"143" 0.0367241327430019 0.475223478849925 0.00886465045978771 0.719948926334485 0.31605150129475 0.877453420515645 0.0497929061522343 0.181920774881974
"144" 0.648171555330022 0.0784852668831477 0.224782828367363 0.157745171694 0.371033275222381 0.567280452581232 0.482351576044278 0.792616469847383
"145" 0.0548729080301546 0.996155571565649 0.236076939613663 0.569867778533365 0.437182485221557 0.327424982766107 0.251408862885229 0.925852984792657
"146" 0.558569342351832 0.754779424730875 0.402222301788459 0.523906008885106 0.194415463582537 0.704720477957904 0.50258374728191 0.116656582209337
"147" 0.569133019607388 0.0142180647165033 0.985229754965088 0.64217169831026 0.40560757298288 0.217520965958204 0.602323779157866 0.267186596915533
"148" 0.427870306340656 0.290948853387879 0.12335722734979 0.802950334146299 0.119586788422362 0.0792688132622312 0.380393260480687 0.456074202618853
"149" 0.302082824845066 0.0554885875813647 0.353579790451823 0.442301749766897 0.589938595570048 0.450997530875913 0.355765064651842 0.474331008490693
"150" 0.842087540289065 0.561713338826667 0.247044362026995 0.577650120762073 0.481673208905984 0.930545232844335 0.912252216809086 0.563193611638059
"151" 0.327984294165499 0.604930609849492 0.961707105483567 0.860958266071295 0.795296199989748 0.994961466554142 0.314606521184804 0.84705799758272
"152" 0.617021451795868 0.801520848003155 0.0571803003082481 0.487020334359288 0.528545950414167 0.0612881958477963 0.749841498251962 0.197398476918835
"153" 0.495514589152476 0.776401470726242 0.620132455855574 0.109724199973145 0.717285255859117 0.0508662199004726 0.678316702817324 0.763195918833137
"154" 0.284051595763913 0.972033015530149 0.446270488820387 0.798457554873997 0.997973205718508 0.72420904915396 0.418027854032477 0.414145080156889
"155" 0.821464145894148 0.97286756193422 0.329834967659438 0.150029419805195 0.846702723471685 0.391593618874795 0.922150847337486 0.362210081718366
"156" 0.309213160730734 0.718164786982089 0.607710272576877 0.414920167681931 0.672040461044707 0.0442856676393521 0.322444290733114 0.275094333428812
"157" 0.715492677524946 0.813067910021927 0.971348350980211 0.749709101508519 0.868864340160418 0.209927102569618 0.840419877039389 0.977153299785556
"158" 0.152004467298799 0.207420689961553 0.106671318018848 0.29890343219055 0.706057975191469 0.660070432797912 0.148350279171299 0.205670946523391
"159" 0.87891333458904 0.332074123004362 0.180056764174848 0.304850829541302 0.372408546212155 0.878039922007024 0.904839570372718 0.871982763273003
"160" 0.383946161373081 0.720819022804633 0.631753067296296 0.137360009999652 0.677349719461425 0.0239335094492788 0.547045362708895 0.641905861173623
"161" 0.786569071609831 0.189219638543778 0.560122013586528 0.24522627399253 0.712397870581365 0.392737319095254 0.789519055809667 0.508658616089686
"162" 0.39571810425466 0.432006779824581 0.576111648067016 0.817421645000575 0.552756885432194 0.964533939681418 0.392827010542737 0.0462058341474348
"163" 0.470415620416464 0.53911293680787 0.657534324528151 0.518015196085559 0.325604650137758 0.994427322829616 0.562897763441657 0.719189009252062
"164" 0.473118722321254 0.391572298258273 0.901371752561912 0.204711622655528 0.399855676920699 0.43101591334134 0.602772230906937 0.870931446298442
"165" 0.709023035983725 0.303433721342811 0.363956481718882 0.0788466232016647 0.0555744703802325 0.302933945577191 0.865262072004616 0.391915596601731
"166" 0.388110198272487 0.479238632750187 0.658839302942916 0.846276632448831 0.0226955837032217 0.831450484984364 0.310557741792954 0.683736985641876
"167" 0.933283658613863 0.748745040406153 0.924457300943839 0.0226967748304068 0.273039539140513 0.166014473693907 0.950918957826511 0.707378969093279
"168" 0.537863569525054 0.760225527090881 0.503071681965336 0.435992472531674 0.19872952646055 0.794952989543488 0.468297384328096 0.052944557917612
"169" 0.311036319115878 0.949220134675678 0.465928621425363 0.866191101926026 0.976072185548556 0.786367403890428 0.322295154953748 0.435800558261625
"170" 0.525847362304608 0.0514305033389153 0.980093531555489 0.711688835402932 0.340783812890494 0.236669983894592 0.543116288114201 0.42638857099414
"171" 0.134242802198593 0.951338748210322 0.178166572672568 0.830801840865212 0.889716672034713 0.497003578973941 0.0598763979813234 0.196668807727699
"172" 0.835957015980734 0.638349688958878 0.965549713462972 0.644037035215067 0.772126625544645 0.688966012671274 0.770560699902546 0.700841863709001
"173" 0.569524009583243 0.459309148275253 0.292771390515643 0.888258745793532 0.911519343100885 0.00622719240198572 0.499218767874435 0.401472343449099
"174" 0.717434001119368 0.524556721708411 0.518296681070267 0.503259423619463 0.0148674677829443 0.686206675174096 0.727749103703151 0.514104123403134
"175" 0.857903533485598 0.485424209166587 0.264769843388996 0.27105420496748 0.543096995106243 0.0489859249017196 0.94965559959605 0.847916269148275
"176" 0.92497511309484 0.766330699365312 0.831044258227075 0.019932250052092 0.33224991824592 0.151504914656437 0.969666626250576 0.687836266511149
"177" 0.672293528868609 0.520964627025761 0.859934804566152 0.56107691323581 0.719289482331289 0.19111943411449 0.732245903873161 0.069751869799589
"178" 0.151695431040874 0.301728545928281 0.684118109799976 0.488425395313919 0.963164133337394 0.491875022251741 0.19704937455569 0.262890514406328
"179" 0.419281005334873 0.681243536453387 0.594001712248216 0.406658969678485 0.700532701862344 0.036496248867158 0.382707825192089 0.141225402481263
"180" 0.661523762548257 0.152049101271716 0.173573556343985 0.978754450898554 0.191924200182715 0.52212449882245 0.617605995282027 0.804671194032643
"181" 0.945019623634965 0.390014474868177 0.356364380270296 0.144604392767123 0.555922188833897 0.719775640180951 0.797774741596197 0.139569919796295
"182" 0.735737496017125 0.463427112007608 0.546251666429572 0.489395202558391 0.0598266999212356 0.607679602397655 0.701824407614459 0.557444886794035
"183" 0.294814013408567 0.450976507030535 0.574963624184387 0.828806803432696 0.580093369756035 0.959354159145181 0.389525522490267 0.0236531472394001
"184" 0.21604474729142 0.792706722426258 0.737103060118756 0.411939948295754 0.649678530261191 0.0580028080868912 0.170958267268721 0.054859349317934
"185" 0.942592887984121 0.572545120675804 0.297661953133122 0.546990162301973 0.426770436702552 0.855260989817399 0.966540952334183 0.709208281129695
"186" 0.990413095338852 0.793218942270212 0.121208977980456 0.328301169318654 0.611055661848373 0.823702807724229 0.94896620691354 0.47146194513846
"187" 0.331551492833483 0.963646498991302 0.405637702773063 0.859060471925889 0.94209365757847 0.775854952380501 0.409521499916074 0.362164153793405
"188" 0.231516925711892 0.731022368734903 0.775365232538964 0.174366415096759 0.854175115864586 0.293112810711163 0.125252037735159 0.307246475665307
"189" 0.698312375490984 0.13243854333845 0.133664867159992 0.960808776958985 0.166222891369029 0.492197564522649 0.676745527915434 0.843432606289851
"190" 0.441185632231155 0.769465482026907 0.193743094930515 0.838494470122484 0.114013960117788 0.245899461705728 0.385818317804397 0.469946648229435
"191" 0.451966514855402 0.873713878204929 0.462855404799158 0.495863968839415 0.210950482333516 0.778365849162601 0.452682291929682 0.119095826023612
"192" 0.183414571695775 0.671276724825348 0.486341269685893 0.129699393212363 0.0635458985237511 0.852348101916299 0.156460493073103 0.450704230223865
"193" 0.576050659397021 0.422220903358664 0.292694798928472 0.958331796260074 0.961727765783416 0.0214756946447282 0.546519981900226 0.33516157135714
"194" 0.590227815723872 0.104786424953776 0.31256333262157 0.152570085721329 0.189456705357882 0.919434912095708 0.487448001774681 0.430211595593775
"195" 0.602130061880005 0.588961000153733 0.931479500374566 0.306027830414505 0.0586540777634677 0.151214519791662 0.53167403132576 0.412983699765039
"196" 0.762819986173064 0.933602488123989 0.244552837142204 0.823174375120879 0.807711520687875 0.128728236772388 0.779713105992947 0.722665542455553
"197" 0.941591556520187 0.436245600670714 0.713825383921642 0.900753117898471 0.104937512482154 0.595744737436323 0.855251237566631 0.397537118905399
"198" 0.320562541749929 0.366069657574334 0.481941347868853 0.918917751143135 0.604294576797179 0.69026451147087 0.473147260208582 0.697177511474732
"199" 0.550453895938037 0.830091627507997 0.390192394357762 0.484533508776905 0.261984676020468 0.735863625434801 0.438798217813111 0.0694030227262745
"200" 0.518071045215235 0.306098210130493 0.0574052313265341 0.904217189527178 0.90429175323323 0.406471004497376 0.343755892632793 0.239872592169218
