"fitted.vals.predict.eta.inter.only" "fitted.vals.predict.eta.linear" "fitted.vals.predict.eta.quad"
"1" 13.4112490098804 16.4941770910779 21.8712847404276
"2" 13.4112490098804 16.4839006641406 21.8149956351766
"3" 13.4112490098804 16.4736242372032 21.7588601615727
"4" 13.4112490098804 16.4633478102659 21.7028783196159
"5" 13.4112490098804 16.4530713833286 21.6470501093062
"6" 13.4112490098804 16.4427949563913 21.5913755306436
"7" 13.4112490098804 16.4325185294539 21.5358545836282
"8" 13.4112490098804 16.4222421025166 21.4804872682599
"9" 13.4112490098804 16.4119656755793 21.4252735845387
"10" 13.4112490098804 16.401689248642 21.3702135324647
"11" 13.4112490098804 16.3914128217046 21.3153071120378
"12" 13.4112490098804 16.3811363947673 21.260554323258
"13" 13.4112490098804 16.37085996783 21.2059551661253
"14" 13.4112490098804 16.3605835408927 21.1515096406397
"15" 13.4112490098804 16.3503071139553 21.0972177468013
"16" 13.4112490098804 16.340030687018 21.04307948461
"17" 13.4112490098804 16.3297542600807 20.9890948540658
"18" 13.4112490098804 16.3194778331434 20.9352638551687
"19" 13.4112490098804 16.309201406206 20.8815864879188
"20" 13.4112490098804 16.2989249792687 20.828062752316
"21" 13.4112490098804 16.2886485523314 20.7746926483603
"22" 13.4112490098804 16.2783721253941 20.7214761760518
"23" 13.4112490098804 16.2680956984567 20.6684133353903
"24" 13.4112490098804 16.2578192715194 20.615504126376
"25" 13.4112490098804 16.2475428445821 20.5627485490088
"26" 13.4112490098804 16.2372664176448 20.5101466032888
"27" 13.4112490098804 16.2269899907074 20.4576982892158
"28" 13.4112490098804 16.2167135637701 20.40540360679
"29" 13.4112490098804 16.2064371368328 20.3532625560113
"30" 13.4112490098804 16.1961607098955 20.3012751368797
"31" 13.4112490098804 16.1858842829581 20.2494413493953
"32" 13.4112490098804 16.1756078560208 20.197761193558
"33" 13.4112490098804 16.1653314290835 20.1462346693678
"34" 13.4112490098804 16.1550550021462 20.0948617768247
"35" 13.4112490098804 16.1447785752088 20.0436425159288
"36" 13.4112490098804 16.1345021482715 19.99257688668
"37" 13.4112490098804 16.1242257213342 19.9416648890783
"38" 13.4112490098804 16.1139492943969 19.8909065231237
"39" 13.4112490098804 16.1036728674595 19.8403017888162
"40" 13.4112490098804 16.0933964405222 19.7898506861559
"41" 13.4112490098804 16.0831200135849 19.7395532151427
"42" 13.4112490098804 16.0728435866476 19.6894093757766
"43" 13.4112490098804 16.0625671597102 19.6394191680577
"44" 13.4112490098804 16.0522907327729 19.5895825919859
"45" 13.4112490098804 16.0420143058356 19.5398996475612
"46" 13.4112490098804 16.0317378788983 19.4903703347836
"47" 13.4112490098804 16.0214614519609 19.4409946536531
"48" 13.4112490098804 16.0111850250236 19.3917726041698
"49" 13.4112490098804 16.0009085980863 19.3427041863336
"50" 13.4112490098804 15.990632171149 19.2937894001445
"51" 13.4112490098804 15.9803557442116 19.2450282456026
"52" 13.4112490098804 15.9700793172743 19.1964207227077
"53" 13.4112490098804 15.959802890337 19.14796683146
"54" 13.4112490098804 15.9495264633997 19.0996665718594
"55" 13.4112490098804 15.9392500364623 19.051519943906
"56" 13.4112490098804 15.928973609525 19.0035269475996
"57" 13.4112490098804 15.9186971825877 18.9556875829404
"58" 13.4112490098804 15.9084207556504 18.9080018499283
"59" 13.4112490098804 15.898144328713 18.8604697485634
"60" 13.4112490098804 15.8878679017757 18.8130912788455
"61" 13.4112490098804 15.8775914748384 18.7658664407748
"62" 13.4112490098804 15.8673150479011 18.7187952343512
"63" 13.4112490098804 15.8570386209637 18.6718776595748
"64" 13.4112490098804 15.8467621940264 18.6251137164454
"65" 13.4112490098804 15.8364857670891 18.5785034049632
"66" 13.4112490098804 15.8262093401518 18.5320467251281
"67" 13.4112490098804 15.8159329132144 18.4857436769401
"68" 13.4112490098804 15.8056564862771 18.4395942603993
"69" 13.4112490098804 15.7953800593398 18.3935984755056
"70" 13.4112490098804 15.7851036324025 18.347756322259
"71" 13.4112490098804 15.7748272054651 18.3020678006595
"72" 13.4112490098804 15.7645507785278 18.2565329107072
"73" 13.4112490098804 15.7542743515905 18.2111516524019
"74" 13.4112490098804 15.7439979246532 18.1659240257439
"75" 13.4112490098804 15.7337214977158 18.1208500307329
"76" 13.4112490098804 15.7234450707785 18.075929667369
"77" 13.4112490098804 15.7131686438412 18.0311629356523
"78" 13.4112490098804 15.7028922169039 17.9865498355827
"79" 13.4112490098804 15.6926157899665 17.9420903671602
"80" 13.4112490098804 15.6823393630292 17.8977845303849
"81" 13.4112490098804 15.6720629360919 17.8536323252566
"82" 13.4112490098804 15.6617865091546 17.8096337517755
"83" 13.4112490098804 15.6515100822172 17.7657888099416
"84" 13.4112490098804 15.6412336552799 17.7220974997547
"85" 13.4112490098804 15.6309572283426 17.678559821215
"86" 13.4112490098804 15.6206808014053 17.6351757743224
"87" 13.4112490098804 15.6104043744679 17.5919453590769
"88" 13.4112490098804 15.6001279475306 17.5488685754785
"89" 13.4112490098804 15.5898515205933 17.5059454235273
"90" 13.4112490098804 15.579575093656 17.4631759032232
"91" 13.4112490098804 15.5692986667186 17.4205600145662
"92" 13.4112490098804 15.5590222397813 17.3780977575563
"93" 13.4112490098804 15.548745812844 17.3357891321936
"94" 13.4112490098804 15.5384693859067 17.293634138478
"95" 13.4112490098804 15.5281929589693 17.2516327764095
"96" 13.4112490098804 15.517916532032 17.2097850459881
"97" 13.4112490098804 15.5076401050947 17.1680909472139
"98" 13.4112490098804 15.4973636781574 17.1265504800868
"99" 13.4112490098804 15.48708725122 17.0851636446068
"100" 13.4112490098804 15.4768108242827 17.0439304407739
"101" 13.4112490098804 15.4665343973454 17.0028508685882
"102" 13.4112490098804 15.4562579704081 16.9619249280496
"103" 13.4112490098804 15.4459815434707 16.9211526191581
"104" 13.4112490098804 15.4357051165334 16.8805339419137
"105" 13.4112490098804 15.4254286895961 16.8400688963164
"106" 13.4112490098804 15.4151522626588 16.7997574823663
"107" 13.4112490098804 15.4048758357214 16.7595997000633
"108" 13.4112490098804 15.3945994087841 16.7195955494075
"109" 13.4112490098804 15.3843229818468 16.6797450303987
"110" 13.4112490098804 15.3740465549095 16.6400481430371
"111" 13.4112490098804 15.3637701279721 16.6005048873226
"112" 13.4112490098804 15.3534937010348 16.5611152632552
"113" 13.4112490098804 15.3432172740975 16.521879270835
"114" 13.4112490098804 15.3329408471602 16.4827969100618
"115" 13.4112490098804 15.3226644202228 16.4438681809358
"116" 13.4112490098804 15.3123879932855 16.405093083457
"117" 13.4112490098804 15.3021115663482 16.3664716176252
"118" 13.4112490098804 15.2918351394109 16.3280037834406
"119" 13.4112490098804 15.2815587124736 16.2896895809031
"120" 13.4112490098804 15.2712822855362 16.2515290100127
"121" 13.4112490098804 15.2610058585989 16.2135220707694
"122" 13.4112490098804 15.2507294316616 16.1756687631733
"123" 13.4112490098804 15.2404530047243 16.1379690872243
"124" 13.4112490098804 15.2301765777869 16.1004230429224
"125" 13.4112490098804 15.2199001508496 16.0630306302676
"126" 13.4112490098804 15.2096237239123 16.02579184926
"127" 13.4112490098804 15.199347296975 15.9887066998995
"128" 13.4112490098804 15.1890708700376 15.9517751821861
"129" 13.4112490098804 15.1787944431003 15.9149972961198
"130" 13.4112490098804 15.168518016163 15.8783730417007
"131" 13.4112490098804 15.1582415892257 15.8419024189287
"132" 13.4112490098804 15.1479651622883 15.8055854278038
"133" 13.4112490098804 15.137688735351 15.769422068326
"134" 13.4112490098804 15.1274123084137 15.7334123404954
"135" 13.4112490098804 15.1171358814764 15.6975562443119
"136" 13.4112490098804 15.106859454539 15.6618537797755
"137" 13.4112490098804 15.0965830276017 15.6263049468862
"138" 13.4112490098804 15.0863066006644 15.5909097456441
"139" 13.4112490098804 15.0760301737271 15.555668176049
"140" 13.4112490098804 15.0657537467897 15.5205802381011
"141" 13.4112490098804 15.0554773198524 15.4856459318004
"142" 13.4112490098804 15.0452008929151 15.4508652571467
"143" 13.4112490098804 15.0349244659778 15.4162382141402
"144" 13.4112490098804 15.0246480390404 15.3817648027808
"145" 13.4112490098804 15.0143716121031 15.3474450230685
"146" 13.4112490098804 15.0040951851658 15.3132788750034
"147" 13.4112490098804 14.9938187582285 15.2792663585854
"148" 13.4112490098804 14.9835423312911 15.2454074738145
"149" 13.4112490098804 14.9732659043538 15.2117022206907
"150" 13.4112490098804 14.9629894774165 15.178150599214
"151" 13.4112490098804 14.9527130504792 15.1447526093845
"152" 13.4112490098804 14.9424366235418 15.1115082512021
"153" 13.4112490098804 14.9321601966045 15.0784175246668
"154" 13.4112490098804 14.9218837696672 15.0454804297787
"155" 13.4112490098804 14.9116073427299 15.0126969665376
"156" 13.4112490098804 14.9013309157925 14.9800671349437
"157" 13.4112490098804 14.8910544888552 14.9475909349969
"158" 13.4112490098804 14.8807780619179 14.9152683666973
"159" 13.4112490098804 14.8705016349806 14.8830994300447
"160" 13.4112490098804 14.8602252080432 14.8510841250393
"161" 13.4112490098804 14.8499487811059 14.819222451681
"162" 13.4112490098804 14.8396723541686 14.7875144099699
"163" 13.4112490098804 14.8293959272313 14.7559599999058
"164" 13.4112490098804 14.8191195002939 14.7245592214889
"165" 13.4112490098804 14.8088430733566 14.6933120747191
"166" 13.4112490098804 14.7985666464193 14.6622185595965
"167" 13.4112490098804 14.788290219482 14.6312786761209
"168" 13.4112490098804 14.7780137925446 14.6004924242925
"169" 13.4112490098804 14.7677373656073 14.5698598041112
"170" 13.4112490098804 14.75746093867 14.5393808155771
"171" 13.4112490098804 14.7471845117327 14.50905545869
"172" 13.4112490098804 14.7369080847953 14.4788837334501
"173" 13.4112490098804 14.726631657858 14.4488656398573
"174" 13.4112490098804 14.7163552309207 14.4190011779116
"175" 13.4112490098804 14.7060788039834 14.3892903476131
"176" 13.4112490098804 14.695802377046 14.3597331489617
"177" 13.4112490098804 14.6855259501087 14.3303295819574
"178" 13.4112490098804 14.6752495231714 14.3010796466002
"179" 13.4112490098804 14.6649730962341 14.2719833428902
"180" 13.4112490098804 14.6546966692967 14.2430406708272
"181" 13.4112490098804 14.6444202423594 14.2142516304114
"182" 13.4112490098804 14.6341438154221 14.1856162216427
"183" 13.4112490098804 14.6238673884848 14.1571344445212
"184" 13.4112490098804 14.6135909615474 14.1288062990468
"185" 13.4112490098804 14.6033145346101 14.1006317852195
"186" 13.4112490098804 14.5930381076728 14.0726109030393
"187" 13.4112490098804 14.5827616807355 14.0447436525062
"188" 13.4112490098804 14.5724852537981 14.0170300336203
"189" 13.4112490098804 14.5622088268608 13.9894700463815
"190" 13.4112490098804 14.5519323999235 13.9620636907898
"191" 13.4112490098804 14.5416559729862 13.9348109668453
"192" 13.4112490098804 14.5313795460488 13.9077118745478
"193" 13.4112490098804 14.5211031191115 13.8807664138975
"194" 13.4112490098804 14.5108266921742 13.8539745848943
"195" 13.4112490098804 14.5005502652369 13.8273363875383
"196" 13.4112490098804 14.4902738382995 13.8008518218293
"197" 13.4112490098804 14.4799974113622 13.7745208877675
"198" 13.4112490098804 14.4697209844249 13.7483435853528
"199" 13.4112490098804 14.4594445574876 13.7223199145853
"200" 13.4112490098804 14.4491681305502 13.6964498754648
"201" 13.4112490098804 14.4388917036129 13.6707334679915
"202" 13.4112490098804 14.4286152766756 13.6451706921653
"203" 13.4112490098804 14.4183388497383 13.6197615479863
"204" 13.4112490098804 14.4080624228009 13.5945060354543
"205" 13.4112490098804 14.3977859958636 13.5694041545695
"206" 13.4112490098804 14.3875095689263 13.5444559053318
"207" 13.4112490098804 14.377233141989 13.5196612877412
"208" 13.4112490098804 14.3669567150516 13.4950203017978
"209" 13.4112490098804 14.3566802881143 13.4705329475015
"210" 13.4112490098804 14.346403861177 13.4461992248523
"211" 13.4112490098804 14.3361274342397 13.4220191338502
"212" 13.4112490098804 14.3258510073023 13.3979926744953
"213" 13.4112490098804 14.315574580365 13.3741198467874
"214" 13.4112490098804 14.3052981534277 13.3504006507267
"215" 13.4112490098804 14.2950217264904 13.3268350863132
"216" 13.4112490098804 14.284745299553 13.3034231535467
"217" 13.4112490098804 14.2744688726157 13.2801648524274
"218" 13.4112490098804 14.2641924456784 13.2570601829552
"219" 13.4112490098804 14.2539160187411 13.2341091451301
"220" 13.4112490098804 14.2436395918037 13.2113117389521
"221" 13.4112490098804 14.2333631648664 13.1886679644213
"222" 13.4112490098804 14.2230867379291 13.1661778215376
"223" 13.4112490098804 14.2128103109918 13.143841310301
"224" 13.4112490098804 14.2025338840544 13.1216584307116
"225" 13.4112490098804 14.1922574571171 13.0996291827692
"226" 13.4112490098804 14.1819810301798 13.077753566474
"227" 13.4112490098804 14.1717046032425 13.056031581826
"228" 13.4112490098804 14.1614281763051 13.034463228825
"229" 13.4112490098804 14.1511517493678 13.0130485074712
"230" 13.4112490098804 14.1408753224305 12.9917874177644
"231" 13.4112490098804 14.1305988954932 12.9706799597049
"232" 13.4112490098804 14.1203224685558 12.9497261332924
"233" 13.4112490098804 14.1100460416185 12.9289259385271
"234" 13.4112490098804 14.0997696146812 12.9082793754088
"235" 13.4112490098804 14.0894931877439 12.8877864439378
"236" 13.4112490098804 14.0792167608066 12.8674471441138
"237" 13.4112490098804 14.0689403338692 12.847261475937
"238" 13.4112490098804 14.0586639069319 12.8272294394072
"239" 13.4112490098804 14.0483874799946 12.8073510345246
"240" 13.4112490098804 14.0381110530573 12.7876262612892
"241" 13.4112490098804 14.0278346261199 12.7680551197008
"242" 13.4112490098804 14.0175581991826 12.7486376097596
"243" 13.4112490098804 14.0072817722453 12.7293737314655
"244" 13.4112490098804 13.997005345308 12.7102634848185
"245" 13.4112490098804 13.9867289183706 12.6913068698187
"246" 13.4112490098804 13.9764524914333 12.672503886466
"247" 13.4112490098804 13.966176064496 12.6538545347604
"248" 13.4112490098804 13.9558996375587 12.6353588147019
"249" 13.4112490098804 13.9456232106213 12.6170167262906
"250" 13.4112490098804 13.935346783684 12.5988282695263
"251" 13.4112490098804 13.9250703567467 12.5807934444092
"252" 13.4112490098804 13.9147939298094 12.5629122509393
"253" 13.4112490098804 13.904517502872 12.5451846891164
"254" 13.4112490098804 13.8942410759347 12.5276107589407
"255" 13.4112490098804 13.8839646489974 12.5101904604121
"256" 13.4112490098804 13.8736882220601 12.4929237935306
"257" 13.4112490098804 13.8634117951227 12.4758107582962
"258" 13.4112490098804 13.8531353681854 12.458851354709
"259" 13.4112490098804 13.8428589412481 12.4420455827689
"260" 13.4112490098804 13.8325825143108 12.4253934424759
"261" 13.4112490098804 13.8223060873734 12.4088949338301
"262" 13.4112490098804 13.8120296604361 12.3925500568313
"263" 13.4112490098804 13.8017532334988 12.3763588114797
"264" 13.4112490098804 13.7914768065615 12.3603211977752
"265" 13.4112490098804 13.7812003796241 12.3444372157179
"266" 13.4112490098804 13.7709239526868 12.3287068653076
"267" 13.4112490098804 13.7606475257495 12.3131301465445
"268" 13.4112490098804 13.7503710988122 12.2977070594285
"269" 13.4112490098804 13.7400946718748 12.2824376039597
"270" 13.4112490098804 13.7298182449375 12.2673217801379
"271" 13.4112490098804 13.7195418180002 12.2523595879633
"272" 13.4112490098804 13.7092653910629 12.2375510274358
"273" 13.4112490098804 13.6989889641255 12.2228960985555
"274" 13.4112490098804 13.6887125371882 12.2083948013222
"275" 13.4112490098804 13.6784361102509 12.1940471357361
"276" 13.4112490098804 13.6681596833136 12.1798531017971
"277" 13.4112490098804 13.6578832563762 12.1658126995052
"278" 13.4112490098804 13.6476068294389 12.1519259288605
"279" 13.4112490098804 13.6373304025016 12.1381927898629
"280" 13.4112490098804 13.6270539755643 12.1246132825124
"281" 13.4112490098804 13.6167775486269 12.111187406809
"282" 13.4112490098804 13.6065011216896 12.0979151627527
"283" 13.4112490098804 13.5962246947523 12.0847965503436
"284" 13.4112490098804 13.585948267815 12.0718315695816
"285" 13.4112490098804 13.5756718408776 12.0590202204667
"286" 13.4112490098804 13.5653954139403 12.046362502999
"287" 13.4112490098804 13.555118987003 12.0338584171784
"288" 13.4112490098804 13.5448425600657 12.0215079630049
"289" 13.4112490098804 13.5345661331283 12.0093111404785
"290" 13.4112490098804 13.524289706191 11.9972679495992
"291" 13.4112490098804 13.5140132792537 11.9853783903671
"292" 13.4112490098804 13.5037368523164 11.9736424627821
"293" 13.4112490098804 13.493460425379 11.9620601668442
"294" 13.4112490098804 13.4831839984417 11.9506315025535
"295" 13.4112490098804 13.4729075715044 11.9393564699098
"296" 13.4112490098804 13.4626311445671 11.9282350689133
"297" 13.4112490098804 13.4523547176297 11.9172672995639
"298" 13.4112490098804 13.4420782906924 11.9064531618617
"299" 13.4112490098804 13.4318018637551 11.8957926558065
"300" 13.4112490098804 13.4215254368178 11.8852857813985
"301" 13.4112490098804 13.4112490098804 11.8749325386376
"302" 13.4112490098804 13.4009725829431 11.8647329275239
"303" 13.4112490098804 13.3906961560058 11.8546869480572
"304" 13.4112490098804 13.3804197290685 11.8447946002377
"305" 13.4112490098804 13.3701433021311 11.8350558840653
"306" 13.4112490098804 13.3598668751938 11.8254707995401
"307" 13.4112490098804 13.3495904482565 11.8160393466619
"308" 13.4112490098804 13.3393140213192 11.8067615254309
"309" 13.4112490098804 13.3290375943818 11.797637335847
"310" 13.4112490098804 13.3187611674445 11.7886667779103
"311" 13.4112490098804 13.3084847405072 11.7798498516206
"312" 13.4112490098804 13.2982083135699 11.7711865569781
"313" 13.4112490098804 13.2879318866325 11.7626768939827
"314" 13.4112490098804 13.2776554596952 11.7543208626344
"315" 13.4112490098804 13.2673790327579 11.7461184629333
"316" 13.4112490098804 13.2571026058206 11.7380696948793
"317" 13.4112490098804 13.2468261788832 11.7301745584724
"318" 13.4112490098804 13.2365497519459 11.7224330537126
"319" 13.4112490098804 13.2262733250086 11.7148451805999
"320" 13.4112490098804 13.2159968980713 11.7074109391344
"321" 13.4112490098804 13.2057204711339 11.700130329316
"322" 13.4112490098804 13.1954440441966 11.6930033511447
"323" 13.4112490098804 13.1851676172593 11.6860300046206
"324" 13.4112490098804 13.174891190322 11.6792102897435
"325" 13.4112490098804 13.1646147633846 11.6725442065136
"326" 13.4112490098804 13.1543383364473 11.6660317549309
"327" 13.4112490098804 13.14406190951 11.6596729349952
"328" 13.4112490098804 13.1337854825727 11.6534677467067
"329" 13.4112490098804 13.1235090556353 11.6474161900653
"330" 13.4112490098804 13.113232628698 11.641518265071
"331" 13.4112490098804 13.1029562017607 11.6357739717238
"332" 13.4112490098804 13.0926797748234 11.6301833100238
"333" 13.4112490098804 13.082403347886 11.6247462799709
"334" 13.4112490098804 13.0721269209487 11.6194628815651
"335" 13.4112490098804 13.0618504940114 11.6143331148064
"336" 13.4112490098804 13.0515740670741 11.6093569796949
"337" 13.4112490098804 13.0412976401367 11.6045344762305
"338" 13.4112490098804 13.0310212131994 11.5998656044132
"339" 13.4112490098804 13.0207447862621 11.595350364243
"340" 13.4112490098804 13.0104683593248 11.59098875572
"341" 13.4112490098804 13.0001919323874 11.5867807788441
"342" 13.4112490098804 12.9899155054501 11.5827264336153
"343" 13.4112490098804 12.9796390785128 11.5788257200336
"344" 13.4112490098804 12.9693626515755 11.5750786380991
"345" 13.4112490098804 12.9590862246381 11.5714851878117
"346" 13.4112490098804 12.9488097977008 11.5680453691714
"347" 13.4112490098804 12.9385333707635 11.5647591821782
"348" 13.4112490098804 12.9282569438262 11.5616266268321
"349" 13.4112490098804 12.9179805168888 11.5586477031332
"350" 13.4112490098804 12.9077040899515 11.5558224110814
"351" 13.4112490098804 12.8974276630142 11.5531507506768
"352" 13.4112490098804 12.8871512360769 11.5506327219192
"353" 13.4112490098804 12.8768748091396 11.5482683248088
"354" 13.4112490098804 12.8665983822022 11.5460575593455
"355" 13.4112490098804 12.8563219552649 11.5440004255293
"356" 13.4112490098804 12.8460455283276 11.5420969233603
"357" 13.4112490098804 12.8357691013903 11.5403470528383
"358" 13.4112490098804 12.8254926744529 11.5387508139635
"359" 13.4112490098804 12.8152162475156 11.5373082067358
"360" 13.4112490098804 12.8049398205783 11.5360192311553
"361" 13.4112490098804 12.794663393641 11.5348838872219
"362" 13.4112490098804 12.7843869667036 11.5339021749356
"363" 13.4112490098804 12.7741105397663 11.5330740942964
"364" 13.4112490098804 12.763834112829 11.5323996453043
"365" 13.4112490098804 12.7535576858917 11.5318788279594
"366" 13.4112490098804 12.7432812589543 11.5315116422616
"367" 13.4112490098804 12.733004832017 11.5312980882109
"368" 13.4112490098804 12.7227284050797 11.5312381658073
"369" 13.4112490098804 12.7124519781424 11.5313318750509
"370" 13.4112490098804 12.702175551205 11.5315792159416
"371" 13.4112490098804 12.6918991242677 11.5319801884794
"372" 13.4112490098804 12.6816226973304 11.5325347926643
"373" 13.4112490098804 12.6713462703931 11.5332430284964
"374" 13.4112490098804 12.6610698434557 11.5341048959756
"375" 13.4112490098804 12.6507934165184 11.5351203951019
"376" 13.4112490098804 12.6405169895811 11.5362895258753
"377" 13.4112490098804 12.6302405626438 11.5376122882959
"378" 13.4112490098804 12.6199641357064 11.5390886823636
"379" 13.4112490098804 12.6096877087691 11.5407187080784
"380" 13.4112490098804 12.5994112818318 11.5425023654403
"381" 13.4112490098804 12.5891348548945 11.5444396544494
"382" 13.4112490098804 12.5788584279571 11.5465305751055
"383" 13.4112490098804 12.5685820010198 11.5487751274088
"384" 13.4112490098804 12.5583055740825 11.5511733113593
"385" 13.4112490098804 12.5480291471452 11.5537251269568
"386" 13.4112490098804 12.5377527202078 11.5564305742015
"387" 13.4112490098804 12.5274762932705 11.5592896530933
"388" 13.4112490098804 12.5171998663332 11.5623023636322
"389" 13.4112490098804 12.5069234393959 11.5654687058183
"390" 13.4112490098804 12.4966470124585 11.5687886796514
"391" 13.4112490098804 12.4863705855212 11.5722622851317
"392" 13.4112490098804 12.4760941585839 11.5758895222592
"393" 13.4112490098804 12.4658177316466 11.5796703910337
"394" 13.4112490098804 12.4555413047092 11.5836048914554
"395" 13.4112490098804 12.4452648777719 11.5876930235242
"396" 13.4112490098804 12.4349884508346 11.5919347872401
"397" 13.4112490098804 12.4247120238973 11.5963301826031
"398" 13.4112490098804 12.4144355969599 11.6008792096133
"399" 13.4112490098804 12.4041591700226 11.6055818682706
"400" 13.4112490098804 12.3938827430853 11.610438158575
"401" 13.4112490098804 12.383606316148 11.6154480805266
"402" 13.4112490098804 12.3733298892106 11.6206116341252
"403" 13.4112490098804 12.3630534622733 11.625928819371
"404" 13.4112490098804 12.352777035336 11.6313996362639
"405" 13.4112490098804 12.3425006083987 11.637024084804
"406" 13.4112490098804 12.3322241814613 11.6428021649911
"407" 13.4112490098804 12.321947754524 11.6487338768254
"408" 13.4112490098804 12.3116713275867 11.6548192203068
"409" 13.4112490098804 12.3013949006494 11.6610581954354
"410" 13.4112490098804 12.291118473712 11.667450802211
"411" 13.4112490098804 12.2808420467747 11.6739970406338
"412" 13.4112490098804 12.2705656198374 11.6806969107037
"413" 13.4112490098804 12.2602891929001 11.6875504124207
"414" 13.4112490098804 12.2500127659627 11.6945575457849
"415" 13.4112490098804 12.2397363390254 11.7017183107962
"416" 13.4112490098804 12.2294599120881 11.7090327074546
"417" 13.4112490098804 12.2191834851508 11.7165007357601
"418" 13.4112490098804 12.2089070582134 11.7241223957128
"419" 13.4112490098804 12.1986306312761 11.7318976873126
"420" 13.4112490098804 12.1883542043388 11.7398266105595
"421" 13.4112490098804 12.1780777774015 11.7479091654535
"422" 13.4112490098804 12.1678013504641 11.7561453519946
"423" 13.4112490098804 12.1575249235268 11.7645351701829
"424" 13.4112490098804 12.1472484965895 11.7730786200183
"425" 13.4112490098804 12.1369720696522 11.7817757015008
"426" 13.4112490098804 12.1266956427148 11.7906264146305
"427" 13.4112490098804 12.1164192157775 11.7996307594073
"428" 13.4112490098804 12.1061427888402 11.8087887358311
"429" 13.4112490098804 12.0958663619029 11.8181003439022
"430" 13.4112490098804 12.0855899349655 11.8275655836203
"431" 13.4112490098804 12.0753135080282 11.8371844549856
"432" 13.4112490098804 12.0650370810909 11.846956957998
"433" 13.4112490098804 12.0547606541536 11.8568830926575
"434" 13.4112490098804 12.0444842272162 11.8669628589641
"435" 13.4112490098804 12.0342078002789 11.8771962569179
"436" 13.4112490098804 12.0239313733416 11.8875832865188
"437" 13.4112490098804 12.0136549464043 11.8981239477668
"438" 13.4112490098804 12.0033785194669 11.908818240662
"439" 13.4112490098804 11.9931020925296 11.9196661652042
"440" 13.4112490098804 11.9828256655923 11.9306677213936
"441" 13.4112490098804 11.972549238655 11.9418229092301
"442" 13.4112490098804 11.9622728117176 11.9531317287137
"443" 13.4112490098804 11.9519963847803 11.9645941798445
"444" 13.4112490098804 11.941719957843 11.9762102626224
"445" 13.4112490098804 11.9314435309057 11.9879799770474
"446" 13.4112490098804 11.9211671039683 11.9999033231195
"447" 13.4112490098804 11.910890677031 12.0119803008388
"448" 13.4112490098804 11.9006142500937 12.0242109102052
"449" 13.4112490098804 11.8903378231564 12.0365951512187
"450" 13.4112490098804 11.880061396219 12.0491330238793
"451" 13.4112490098804 11.8697849692817 12.0618245281871
"452" 13.4112490098804 11.8595085423444 12.0746696641419
"453" 13.4112490098804 11.8492321154071 12.087668431744
"454" 13.4112490098804 11.8389556884697 12.1008208309931
"455" 13.4112490098804 11.8286792615324 12.1141268618893
"456" 13.4112490098804 11.8184028345951 12.1275865244327
"457" 13.4112490098804 11.8081264076578 12.1411998186232
"458" 13.4112490098804 11.7978499807204 12.1549667444608
"459" 13.4112490098804 11.7875735537831 12.1688873019456
"460" 13.4112490098804 11.7772971268458 12.1829614910775
"461" 13.4112490098804 11.7670206999085 12.1971893118565
"462" 13.4112490098804 11.7567442729711 12.2115707642826
"463" 13.4112490098804 11.7464678460338 12.2261058483558
"464" 13.4112490098804 11.7361914190965 12.2407945640762
"465" 13.4112490098804 11.7259149921592 12.2556369114437
"466" 13.4112490098804 11.7156385652218 12.2706328904583
"467" 13.4112490098804 11.7053621382845 12.28578250112
"468" 13.4112490098804 11.6950857113472 12.3010857434289
"469" 13.4112490098804 11.6848092844099 12.3165426173849
"470" 13.4112490098804 11.6745328574725 12.332153122988
"471" 13.4112490098804 11.6642564305352 12.3479172602383
"472" 13.4112490098804 11.6539800035979 12.3638350291356
"473" 13.4112490098804 11.6437035766606 12.3799064296801
"474" 13.4112490098804 11.6334271497232 12.3961314618717
"475" 13.4112490098804 11.6231507227859 12.4125101257105
"476" 13.4112490098804 11.6128742958486 12.4290424211963
"477" 13.4112490098804 11.6025978689113 12.4457283483293
"478" 13.4112490098804 11.592321441974 12.4625679071094
"479" 13.4112490098804 11.5820450150366 12.4795610975367
"480" 13.4112490098804 11.5717685880993 12.496707919611
"481" 13.4112490098804 11.561492161162 12.5140083733325
"482" 13.4112490098804 11.5512157342247 12.5314624587011
"483" 13.4112490098804 11.5409393072873 12.5490701757168
"484" 13.4112490098804 11.53066288035 12.5668315243797
"485" 13.4112490098804 11.5203864534127 12.5847465046897
"486" 13.4112490098804 11.5101100264754 12.6028151166468
"487" 13.4112490098804 11.499833599538 12.621037360251
"488" 13.4112490098804 11.4895571726007 12.6394132355024
"489" 13.4112490098804 11.4792807456634 12.6579427424008
"490" 13.4112490098804 11.4690043187261 12.6766258809464
"491" 13.4112490098804 11.4587278917887 12.6954626511392
"492" 13.4112490098804 11.4484514648514 12.714453052979
"493" 13.4112490098804 11.4381750379141 12.733597086466
"494" 13.4112490098804 11.4278986109768 12.7528947516001
"495" 13.4112490098804 11.4176221840394 12.7723460483813
"496" 13.4112490098804 11.4073457571021 12.7919509768097
"497" 13.4112490098804 11.3970693301648 12.8117095368851
"498" 13.4112490098804 11.3867929032275 12.8316217286077
"499" 13.4112490098804 11.3765164762901 12.8516875519775
"500" 13.4112490098804 11.3662400493528 12.8719070069943
"501" 13.4112490098804 11.3559636224155 12.8922800936583
"502" 13.4112490098804 11.3456871954782 12.9128068119694
"503" 13.4112490098804 11.3354107685408 12.9334871619276
"504" 13.4112490098804 11.3251343416035 12.9543211435329
"505" 13.4112490098804 11.3148579146662 12.9753087567854
"506" 13.4112490098804 11.3045814877289 12.996450001685
"507" 13.4112490098804 11.2943050607915 13.0177448782317
"508" 13.4112490098804 11.2840286338542 13.0391933864255
"509" 13.4112490098804 11.2737522069169 13.0607955262665
"510" 13.4112490098804 11.2634757799796 13.0825512977546
"511" 13.4112490098804 11.2531993530422 13.1044607008898
"512" 13.4112490098804 11.2429229261049 13.1265237356721
"513" 13.4112490098804 11.2326464991676 13.1487404021016
"514" 13.4112490098804 11.2223700722303 13.1711107001782
"515" 13.4112490098804 11.2120936452929 13.1936346299019
"516" 13.4112490098804 11.2018172183556 13.2163121912727
"517" 13.4112490098804 11.1915407914183 13.2391433842907
"518" 13.4112490098804 11.181264364481 13.2621282089558
"519" 13.4112490098804 11.1709879375436 13.285266665268
"520" 13.4112490098804 11.1607115106063 13.3085587532273
"521" 13.4112490098804 11.150435083669 13.3320044728338
"522" 13.4112490098804 11.1401586567317 13.3556038240873
"523" 13.4112490098804 11.1298822297943 13.379356806988
"524" 13.4112490098804 11.119605802857 13.4032634215359
"525" 13.4112490098804 11.1093293759197 13.4273236677308
"526" 13.4112490098804 11.0990529489824 13.4515375455729
"527" 13.4112490098804 11.088776522045 13.4759050550621
"528" 13.4112490098804 11.0785000951077 13.5004261961984
"529" 13.4112490098804 11.0682236681704 13.5251009689819
"530" 13.4112490098804 11.0579472412331 13.5499293734124
"531" 13.4112490098804 11.0476708142957 13.5749114094901
"532" 13.4112490098804 11.0373943873584 13.6000470772149
"533" 13.4112490098804 11.0271179604211 13.6253363765869
"534" 13.4112490098804 11.0168415334838 13.650779307606
"535" 13.4112490098804 11.0065651065464 13.6763758702722
"536" 13.4112490098804 10.9962886796091 13.7021260645855
"537" 13.4112490098804 10.9860122526718 13.7280298905459
"538" 13.4112490098804 10.9757358257345 13.7540873481535
"539" 13.4112490098804 10.9654593987971 13.7802984374082
"540" 13.4112490098804 10.9551829718598 13.80666315831
"541" 13.4112490098804 10.9449065449225 13.8331815108589
"542" 13.4112490098804 10.9346301179852 13.859853495055
"543" 13.4112490098804 10.9243536910478 13.8866791108982
"544" 13.4112490098804 10.9140772641105 13.9136583583885
"545" 13.4112490098804 10.9038008371732 13.9407912375259
"546" 13.4112490098804 10.8935244102359 13.9680777483105
"547" 13.4112490098804 10.8832479832985 13.9955178907422
"548" 13.4112490098804 10.8729715563612 14.023111664821
"549" 13.4112490098804 10.8626951294239 14.0508590705469
"550" 13.4112490098804 10.8524187024866 14.07876010792
"551" 13.4112490098804 10.8421422755492 14.1068147769402
"552" 13.4112490098804 10.8318658486119 14.1350230776075
"553" 13.4112490098804 10.8215894216746 14.1633850099219
"554" 13.4112490098804 10.8113129947373 14.1919005738835
"555" 13.4112490098804 10.8010365677999 14.2205697694921
"556" 13.4112490098804 10.7907601408626 14.2493925967479
"557" 13.4112490098804 10.7804837139253 14.2783690556509
"558" 13.4112490098804 10.770207286988 14.3074991462009
"559" 13.4112490098804 10.7599308600506 14.3367828683981
"560" 13.4112490098804 10.7496544331133 14.3662202222424
"561" 13.4112490098804 10.739378006176 14.3958112077338
"562" 13.4112490098804 10.7291015792387 14.4255558248724
"563" 13.4112490098804 10.7188251523013 14.4554540736581
"564" 13.4112490098804 10.708548725364 14.4855059540909
"565" 13.4112490098804 10.6982722984267 14.5157114661708
"566" 13.4112490098804 10.6879958714894 14.5460706098978
"567" 13.4112490098804 10.677719444552 14.576583385272
"568" 13.4112490098804 10.6674430176147 14.6072497922933
"569" 13.4112490098804 10.6571665906774 14.6380698309617
"570" 13.4112490098804 10.6468901637401 14.6690435012773
"571" 13.4112490098804 10.6366137368027 14.7001708032399
"572" 13.4112490098804 10.6263373098654 14.7314517368497
"573" 13.4112490098804 10.6160608829281 14.7628863021066
"574" 13.4112490098804 10.6057844559908 14.7944744990107
"575" 13.4112490098804 10.5955080290534 14.8262163275618
"576" 13.4112490098804 10.5852316021161 14.8581117877601
"577" 13.4112490098804 10.5749551751788 14.8901608796055
"578" 13.4112490098804 10.5646787482415 14.9223636030981
"579" 13.4112490098804 10.5544023213041 14.9547199582377
"580" 13.4112490098804 10.5441258943668 14.9872299450245
"581" 13.4112490098804 10.5338494674295 15.0198935634584
"582" 13.4112490098804 10.5235730404922 15.0527108135395
"583" 13.4112490098804 10.5132966135548 15.0856816952676
"584" 13.4112490098804 10.5030201866175 15.1188062086429
"585" 13.4112490098804 10.4927437596802 15.1520843536653
"586" 13.4112490098804 10.4824673327429 15.1855161303349
"587" 13.4112490098804 10.4721909058055 15.2191015386515
"588" 13.4112490098804 10.4619144788682 15.2528405786153
"589" 13.4112490098804 10.4516380519309 15.2867332502262
"590" 13.4112490098804 10.4413616249936 15.3207795534842
"591" 13.4112490098804 10.4310851980563 15.3549794883894
"592" 13.4112490098804 10.4208087711189 15.3893330549417
"593" 13.4112490098804 10.4105323441816 15.4238402531411
"594" 13.4112490098804 10.4002559172443 15.4585010829876
"595" 13.4112490098804 10.389979490307 15.4933155444813
"596" 13.4112490098804 10.3797030633696 15.528283637622
"597" 13.4112490098804 10.3694266364323 15.5634053624099
"598" 13.4112490098804 10.359150209495 15.5986807188449
"599" 13.4112490098804 10.3488737825577 15.6341097069271
"600" 13.4112490098804 10.3385973556203 15.6696923266564
"601" 13.4112490098804 10.328320928683 15.7054285780328
