"fitted.vals.predict.gamma.inter.only" "fitted.vals.predict.gamma.linear" "fitted.vals.predict.gamma.quad"
"1" 0.104872428789077 0.0223596732038349 -0.101749650625245
"2" 0.104872428789077 0.0226347157224523 -0.100412586892718
"3" 0.104872428789077 0.0229097582410698 -0.0990790691408727
"4" 0.104872428789077 0.0231848007596873 -0.0977490973697081
"5" 0.104872428789077 0.0234598432783048 -0.0964226715792243
"6" 0.104872428789077 0.0237348857969222 -0.0950997917694213
"7" 0.104872428789077 0.0240099283155397 -0.0937804579402991
"8" 0.104872428789077 0.0242849708341572 -0.0924646700918578
"9" 0.104872428789077 0.0245600133527746 -0.0911524282240973
"10" 0.104872428789077 0.0248350558713921 -0.0898437323370176
"11" 0.104872428789077 0.0251100983900096 -0.0885385824306188
"12" 0.104872428789077 0.0253851409086271 -0.0872369785049008
"13" 0.104872428789077 0.0256601834272445 -0.0859389205598636
"14" 0.104872428789077 0.025935225945862 -0.0846444085955073
"15" 0.104872428789077 0.0262102684644795 -0.0833534426118318
"16" 0.104872428789077 0.0264853109830969 -0.0820660226088371
"17" 0.104872428789077 0.0267603535017144 -0.0807821485865233
"18" 0.104872428789077 0.0270353960203319 -0.0795018205448902
"19" 0.104872428789077 0.0273104385389494 -0.0782250384839381
"20" 0.104872428789077 0.0275854810575668 -0.0769518024036667
"21" 0.104872428789077 0.0278605235761843 -0.0756821123040762
"22" 0.104872428789077 0.0281355660948018 -0.0744159681851665
"23" 0.104872428789077 0.0284106086134193 -0.0731533700469376
"24" 0.104872428789077 0.0286856511320367 -0.0718943178893896
"25" 0.104872428789077 0.0289606936506542 -0.0706388117125224
"26" 0.104872428789077 0.0292357361692717 -0.069386851516336
"27" 0.104872428789077 0.0295107786878891 -0.0681384373008305
"28" 0.104872428789077 0.0297858212065066 -0.0668935690660058
"29" 0.104872428789077 0.0300608637251241 -0.0656522468118619
"30" 0.104872428789077 0.0303359062437416 -0.0644144705383988
"31" 0.104872428789077 0.030610948762359 -0.0631802402456166
"32" 0.104872428789077 0.0308859912809765 -0.0619495559335152
"33" 0.104872428789077 0.031161033799594 -0.0607224176020947
"34" 0.104872428789077 0.0314360763182115 -0.0594988252513549
"35" 0.104872428789077 0.0317111188368289 -0.0582787788812961
"36" 0.104872428789077 0.0319861613554464 -0.057062278491918
"37" 0.104872428789077 0.0322612038740639 -0.0558493240832208
"38" 0.104872428789077 0.0325362463926813 -0.0546399156552044
"39" 0.104872428789077 0.0328112889112988 -0.0534340532078688
"40" 0.104872428789077 0.0330863314299163 -0.0522317367412141
"41" 0.104872428789077 0.0333613739485338 -0.0510329662552401
"42" 0.104872428789077 0.0336364164671512 -0.0498377417499471
"43" 0.104872428789077 0.0339114589857687 -0.0486460632253348
"44" 0.104872428789077 0.0341865015043862 -0.0474579306814034
"45" 0.104872428789077 0.0344615440230036 -0.0462733441181528
"46" 0.104872428789077 0.0347365865416211 -0.0450923035355831
"47" 0.104872428789077 0.0350116290602386 -0.0439148089336941
"48" 0.104872428789077 0.0352866715788561 -0.042740860312486
"49" 0.104872428789077 0.0355617140974735 -0.0415704576719588
"50" 0.104872428789077 0.035836756616091 -0.0404036010121124
"51" 0.104872428789077 0.0361117991347085 -0.0392402903329468
"52" 0.104872428789077 0.036386841653326 -0.038080525634462
"53" 0.104872428789077 0.0366618841719434 -0.0369243069166581
"54" 0.104872428789077 0.0369369266905609 -0.0357716341795349
"55" 0.104872428789077 0.0372119692091784 -0.0346225074230927
"56" 0.104872428789077 0.0374870117277958 -0.0334769266473312
"57" 0.104872428789077 0.0377620542464133 -0.0323348918522506
"58" 0.104872428789077 0.0380370967650308 -0.0311964030378508
"59" 0.104872428789077 0.0383121392836483 -0.0300614602041319
"60" 0.104872428789077 0.0385871818022657 -0.0289300633510938
"61" 0.104872428789077 0.0388622243208832 -0.0278022124787365
"62" 0.104872428789077 0.0391372668395007 -0.02667790758706
"63" 0.104872428789077 0.0394123093581182 -0.0255571486760644
"64" 0.104872428789077 0.0396873518767356 -0.0244399357457496
"65" 0.104872428789077 0.0399623943953531 -0.0233262687961156
"66" 0.104872428789077 0.0402374369139706 -0.0222161478271625
"67" 0.104872428789077 0.040512479432588 -0.0211095728388902
"68" 0.104872428789077 0.0407875219512055 -0.0200065438312987
"69" 0.104872428789077 0.041062564469823 -0.018907060804388
"70" 0.104872428789077 0.0413376069884405 -0.0178111237581582
"71" 0.104872428789077 0.0416126495070579 -0.0167187326926092
"72" 0.104872428789077 0.0418876920256754 -0.0156298876077411
"73" 0.104872428789077 0.0421627345442929 -0.0145445885035538
"74" 0.104872428789077 0.0424377770629103 -0.0134628353800473
"75" 0.104872428789077 0.0427128195815278 -0.0123846282372216
"76" 0.104872428789077 0.0429878621001453 -0.0113099670750768
"77" 0.104872428789077 0.0432629046187628 -0.0102388518936128
"78" 0.104872428789077 0.0435379471373802 -0.00917128269282963
"79" 0.104872428789077 0.0438129896559977 -0.0081072594727273
"80" 0.104872428789077 0.0440880321746152 -0.00704678223330578
"81" 0.104872428789077 0.0443630746932327 -0.00598985097456512
"82" 0.104872428789077 0.0446381172118501 -0.00493646569650527
"83" 0.104872428789077 0.0449131597304676 -0.00388662639912626
"84" 0.104872428789077 0.0451882022490851 -0.00284033308242807
"85" 0.104872428789077 0.0454632447677025 -0.00179758574641073
"86" 0.104872428789077 0.04573828728632 -0.000758384391074221
"87" 0.104872428789077 0.0460133298049375 0.000277270983581476
"88" 0.104872428789077 0.046288372323555 0.00130938037755633
"89" 0.104872428789077 0.0465634148421724 0.00233794379085036
"90" 0.104872428789077 0.0468384573607899 0.00336296122346357
"91" 0.104872428789077 0.0471134998794074 0.00438443267539593
"92" 0.104872428789077 0.0473885423980248 0.00540235814664747
"93" 0.104872428789077 0.0476635849166423 0.00641673763721817
"94" 0.104872428789077 0.0479386274352598 0.00742757114710805
"95" 0.104872428789077 0.0482136699538773 0.00843485867631708
"96" 0.104872428789077 0.0484887124724947 0.00943860022484529
"97" 0.104872428789077 0.0487637549911122 0.0104387957926927
"98" 0.104872428789077 0.0490387975097297 0.0114354453798592
"99" 0.104872428789077 0.0493138400283472 0.0124285489863449
"100" 0.104872428789077 0.0495888825469646 0.0134181066121498
"101" 0.104872428789077 0.0498639250655821 0.0144041182572739
"102" 0.104872428789077 0.0501389675841996 0.0153865839217171
"103" 0.104872428789077 0.050414010102817 0.0163655036054795
"104" 0.104872428789077 0.0506890526214345 0.0173408773085611
"105" 0.104872428789077 0.050964095140052 0.0183127050309618
"106" 0.104872428789077 0.0512391376586695 0.0192809867726817
"107" 0.104872428789077 0.0515141801772869 0.0202457225337208
"108" 0.104872428789077 0.0517892226959044 0.021206912314079
"109" 0.104872428789077 0.0520642652145219 0.0221645561137564
"110" 0.104872428789077 0.0523393077331394 0.023118653932753
"111" 0.104872428789077 0.0526143502517568 0.0240692057710688
"112" 0.104872428789077 0.0528893927703743 0.0250162116287037
"113" 0.104872428789077 0.0531644352889918 0.0259596715056578
"114" 0.104872428789077 0.0534394778076092 0.026899585401931
"115" 0.104872428789077 0.0537145203262267 0.0278359533175235
"116" 0.104872428789077 0.0539895628448442 0.0287687752524351
"117" 0.104872428789077 0.0542646053634617 0.0296980512066658
"118" 0.104872428789077 0.0545396478820791 0.0306237811802157
"119" 0.104872428789077 0.0548146904006966 0.0315459651730848
"120" 0.104872428789077 0.0550897329193141 0.0324646031852731
"121" 0.104872428789077 0.0553647754379315 0.0333796952167805
"122" 0.104872428789077 0.055639817956549 0.0342912412676071
"123" 0.104872428789077 0.0559148604751665 0.0351992413377529
"124" 0.104872428789077 0.056189902993784 0.0361036954272179
"125" 0.104872428789077 0.0564649455124014 0.037004603536002
"126" 0.104872428789077 0.0567399880310189 0.0379019656641053
"127" 0.104872428789077 0.0570150305496364 0.0387957818115277
"128" 0.104872428789077 0.0572900730682539 0.0396860519782694
"129" 0.104872428789077 0.0575651155868713 0.0405727761643302
"130" 0.104872428789077 0.0578401581054888 0.0414559543697101
"131" 0.104872428789077 0.0581152006241063 0.0423355865944093
"132" 0.104872428789077 0.0583902431427237 0.0432116728384276
"133" 0.104872428789077 0.0586652856613412 0.044084213101765
"134" 0.104872428789077 0.0589403281799587 0.0449532073844217
"135" 0.104872428789077 0.0592153706985762 0.0458186556863975
"136" 0.104872428789077 0.0594904132171936 0.0466805580076925
"137" 0.104872428789077 0.0597654557358111 0.0475389143483066
"138" 0.104872428789077 0.0600404982544286 0.0483937247082399
"139" 0.104872428789077 0.0603155407730461 0.0492449890874924
"140" 0.104872428789077 0.0605905832916635 0.0500927074860641
"141" 0.104872428789077 0.060865625810281 0.0509368799039549
"142" 0.104872428789077 0.0611406683288985 0.0517775063411648
"143" 0.104872428789077 0.0614157108475159 0.052614586797694
"144" 0.104872428789077 0.0616907533661334 0.0534481212735424
"145" 0.104872428789077 0.0619657958847509 0.0542781097687099
"146" 0.104872428789077 0.0622408384033684 0.0551045522831965
"147" 0.104872428789077 0.0625158809219858 0.0559274488170023
"148" 0.104872428789077 0.0627909234406033 0.0567467993701274
"149" 0.104872428789077 0.0630659659592208 0.0575626039425715
"150" 0.104872428789077 0.0633410084778382 0.0583748625343349
"151" 0.104872428789077 0.0636160509964557 0.0591835751454174
"152" 0.104872428789077 0.0638910935150732 0.0599887417758191
"153" 0.104872428789077 0.0641661360336907 0.0607903624255399
"154" 0.104872428789077 0.0644411785523081 0.06158843709458
"155" 0.104872428789077 0.0647162210709256 0.0623829657829392
"156" 0.104872428789077 0.0649912635895431 0.0631739484906175
"157" 0.104872428789077 0.0652663061081606 0.063961385217615
"158" 0.104872428789077 0.065541348626778 0.0647452759639317
"159" 0.104872428789077 0.0658163911453955 0.0655256207295676
"160" 0.104872428789077 0.066091433664013 0.0663024195145227
"161" 0.104872428789077 0.0663664761826304 0.0670756723187969
"162" 0.104872428789077 0.0666415187012479 0.0678453791423902
"163" 0.104872428789077 0.0669165612198654 0.0686115399853028
"164" 0.104872428789077 0.0671916037384829 0.0693741548475345
"165" 0.104872428789077 0.0674666462571003 0.0701332237290854
"166" 0.104872428789077 0.0677416887757178 0.0708887466299554
"167" 0.104872428789077 0.0680167312943353 0.0716407235501447
"168" 0.104872428789077 0.0682917738129527 0.072389154489653
"169" 0.104872428789077 0.0685668163315702 0.0731340394484806
"170" 0.104872428789077 0.0688418588501877 0.0738753784266273
"171" 0.104872428789077 0.0691169013688052 0.0746131714240932
"172" 0.104872428789077 0.0693919438874226 0.0753474184408783
"173" 0.104872428789077 0.0696669864060401 0.0760781194769825
"174" 0.104872428789077 0.0699420289246576 0.0768052745324059
"175" 0.104872428789077 0.070217071443275 0.0775288836071485
"176" 0.104872428789077 0.0704921139618925 0.0782489467012103
"177" 0.104872428789077 0.07076715648051 0.0789654638145912
"178" 0.104872428789077 0.0710421989991275 0.0796784349472912
"179" 0.104872428789077 0.0713172415177449 0.0803878600993105
"180" 0.104872428789077 0.0715922840363624 0.0810937392706489
"181" 0.104872428789077 0.0718673265549799 0.0817960724613065
"182" 0.104872428789077 0.0721423690735974 0.0824948596712832
"183" 0.104872428789077 0.0724174115922148 0.0831901009005792
"184" 0.104872428789077 0.0726924541108323 0.0838817961491943
"185" 0.104872428789077 0.0729674966294498 0.0845699454171286
"186" 0.104872428789077 0.0732425391480672 0.085254548704382
"187" 0.104872428789077 0.0735175816666847 0.0859356060109546
"188" 0.104872428789077 0.0737926241853022 0.0866131173368463
"189" 0.104872428789077 0.0740676667039197 0.0872870826820573
"190" 0.104872428789077 0.0743427092225371 0.0879575020465874
"191" 0.104872428789077 0.0746177517411546 0.0886243754304367
"192" 0.104872428789077 0.0748927942597721 0.0892877028336051
"193" 0.104872428789077 0.0751678367783896 0.0899474842560927
"194" 0.104872428789077 0.075442879297007 0.0906037196978995
"195" 0.104872428789077 0.0757179218156245 0.0912564091590255
"196" 0.104872428789077 0.075992964334242 0.0919055526394706
"197" 0.104872428789077 0.0762680068528594 0.0925511501392349
"198" 0.104872428789077 0.0765430493714769 0.0931932016583184
"199" 0.104872428789077 0.0768180918900944 0.093831707196721
"200" 0.104872428789077 0.0770931344087119 0.0944666667544428
"201" 0.104872428789077 0.0773681769273293 0.0950980803314838
"202" 0.104872428789077 0.0776432194459468 0.095725947927844
"203" 0.104872428789077 0.0779182619645643 0.0963502695435232
"204" 0.104872428789077 0.0781933044831818 0.0969710451785217
"205" 0.104872428789077 0.0784683470017992 0.0975882748328394
"206" 0.104872428789077 0.0787433895204167 0.0982019585064762
"207" 0.104872428789077 0.0790184320390342 0.0988120961994322
"208" 0.104872428789077 0.0792934745576516 0.0994186879117073
"209" 0.104872428789077 0.0795685170762691 0.100021733643302
"210" 0.104872428789077 0.0798435595948866 0.100621233394215
"211" 0.104872428789077 0.0801186021135041 0.101217187164448
"212" 0.104872428789077 0.0803936446321215 0.101809594954
"213" 0.104872428789077 0.080668687150739 0.102398456762871
"214" 0.104872428789077 0.0809437296693565 0.102983772591061
"215" 0.104872428789077 0.081218772187974 0.10356554243857
"216" 0.104872428789077 0.0814938147065914 0.104143766305399
"217" 0.104872428789077 0.0817688572252089 0.104718444191546
"218" 0.104872428789077 0.0820438997438264 0.105289576097013
"219" 0.104872428789077 0.0823189422624439 0.105857162021799
"220" 0.104872428789077 0.0825939847810613 0.106421201965904
"221" 0.104872428789077 0.0828690272996788 0.106981695929329
"222" 0.104872428789077 0.0831440698182963 0.107538643912072
"223" 0.104872428789077 0.0834191123369137 0.108092045914135
"224" 0.104872428789077 0.0836941548555312 0.108641901935517
"225" 0.104872428789077 0.0839691973741487 0.109188211976218
"226" 0.104872428789077 0.0842442398927661 0.109730976036238
"227" 0.104872428789077 0.0845192824113836 0.110270194115577
"228" 0.104872428789077 0.0847943249300011 0.110805866214236
"229" 0.104872428789077 0.0850693674486186 0.111337992332214
"230" 0.104872428789077 0.085344409967236 0.111866572469511
"231" 0.104872428789077 0.0856194524858535 0.112391606626127
"232" 0.104872428789077 0.085894495004471 0.112913094802062
"233" 0.104872428789077 0.0861695375230885 0.113431036997316
"234" 0.104872428789077 0.0864445800417059 0.11394543321189
"235" 0.104872428789077 0.0867196225603234 0.114456283445782
"236" 0.104872428789077 0.0869946650789409 0.114963587698994
"237" 0.104872428789077 0.0872697075975583 0.115467345971525
"238" 0.104872428789077 0.0875447501161758 0.115967558263376
"239" 0.104872428789077 0.0878197926347933 0.116464224574545
"240" 0.104872428789077 0.0880948351534108 0.116957344905034
"241" 0.104872428789077 0.0883698776720282 0.117446919254841
"242" 0.104872428789077 0.0886449201906457 0.117932947623968
"243" 0.104872428789077 0.0889199627092632 0.118415430012414
"244" 0.104872428789077 0.0891950052278807 0.11889436642018
"245" 0.104872428789077 0.0894700477464981 0.119369756847264
"246" 0.104872428789077 0.0897450902651156 0.119841601293668
"247" 0.104872428789077 0.0900201327837331 0.12030989975939
"248" 0.104872428789077 0.0902951753023505 0.120774652244432
"249" 0.104872428789077 0.090570217820968 0.121235858748793
"250" 0.104872428789077 0.0908452603395855 0.121693519272474
"251" 0.104872428789077 0.091120302858203 0.122147633815473
"252" 0.104872428789077 0.0913953453768204 0.122598202377792
"253" 0.104872428789077 0.0916703878954379 0.123045224959429
"254" 0.104872428789077 0.0919454304140554 0.123488701560386
"255" 0.104872428789077 0.0922204729326728 0.123928632180662
"256" 0.104872428789077 0.0924955154512903 0.124365016820258
"257" 0.104872428789077 0.0927705579699078 0.124797855479172
"258" 0.104872428789077 0.0930456004885253 0.125227148157406
"259" 0.104872428789077 0.0933206430071427 0.125652894854959
"260" 0.104872428789077 0.0935956855257602 0.126075095571831
"261" 0.104872428789077 0.0938707280443777 0.126493750308022
"262" 0.104872428789077 0.0941457705629951 0.126908859063532
"263" 0.104872428789077 0.0944208130816126 0.127320421838361
"264" 0.104872428789077 0.0946958556002301 0.12772843863251
"265" 0.104872428789077 0.0949708981188476 0.128132909445978
"266" 0.104872428789077 0.095245940637465 0.128533834278765
"267" 0.104872428789077 0.0955209831560825 0.128931213130871
"268" 0.104872428789077 0.0957960256747 0.129325046002296
"269" 0.104872428789077 0.0960710681933175 0.129715332893041
"270" 0.104872428789077 0.0963461107119349 0.130102073803104
"271" 0.104872428789077 0.0966211532305524 0.130485268732487
"272" 0.104872428789077 0.0968961957491699 0.130864917681189
"273" 0.104872428789077 0.0971712382677874 0.13124102064921
"274" 0.104872428789077 0.0974462807864048 0.131613577636551
"275" 0.104872428789077 0.0977213233050223 0.13198258864321
"276" 0.104872428789077 0.0979963658236398 0.132348053669189
"277" 0.104872428789077 0.0982714083422572 0.132709972714487
"278" 0.104872428789077 0.0985464508608747 0.133068345779104
"279" 0.104872428789077 0.0988214933794922 0.13342317286304
"280" 0.104872428789077 0.0990965358981097 0.133774453966295
"281" 0.104872428789077 0.0993715784167271 0.13412218908887
"282" 0.104872428789077 0.0996466209353446 0.134466378230763
"283" 0.104872428789077 0.0999216634539621 0.134807021391976
"284" 0.104872428789077 0.10019670597258 0.135144118572508
"285" 0.104872428789077 0.100471748491197 0.135477669772359
"286" 0.104872428789077 0.100746791009814 0.13580767499153
"287" 0.104872428789077 0.101021833528432 0.136134134230019
"288" 0.104872428789077 0.101296876047049 0.136457047487828
"289" 0.104872428789077 0.101571918565667 0.136776414764956
"290" 0.104872428789077 0.101846961084284 0.137092236061403
"291" 0.104872428789077 0.102122003602902 0.137404511377169
"292" 0.104872428789077 0.102397046121519 0.137713240712254
"293" 0.104872428789077 0.102672088640137 0.138018424066659
"294" 0.104872428789077 0.102947131158754 0.138320061440383
"295" 0.104872428789077 0.103222173677372 0.138618152833425
"296" 0.104872428789077 0.103497216195989 0.138912698245787
"297" 0.104872428789077 0.103772258714607 0.139203697677469
"298" 0.104872428789077 0.104047301233224 0.139491151128469
"299" 0.104872428789077 0.104322343751842 0.139775058598789
"300" 0.104872428789077 0.104597386270459 0.140055420088427
"301" 0.104872428789077 0.104872428789077 0.140332235597385
"302" 0.104872428789077 0.105147471307694 0.140605505125662
"303" 0.104872428789077 0.105422513826312 0.140875228673258
"304" 0.104872428789077 0.105697556344929 0.141141406240174
"305" 0.104872428789077 0.105972598863546 0.141404037826408
"306" 0.104872428789077 0.106247641382164 0.141663123431962
"307" 0.104872428789077 0.106522683900781 0.141918663056835
"308" 0.104872428789077 0.106797726419399 0.142170656701027
"309" 0.104872428789077 0.107072768938016 0.142419104364538
"310" 0.104872428789077 0.107347811456634 0.142664006047369
"311" 0.104872428789077 0.107622853975251 0.142905361749518
"312" 0.104872428789077 0.107897896493869 0.143143171470987
"313" 0.104872428789077 0.108172939012486 0.143377435211775
"314" 0.104872428789077 0.108447981531104 0.143608152971882
"315" 0.104872428789077 0.108723024049721 0.143835324751308
"316" 0.104872428789077 0.108998066568339 0.144058950550054
"317" 0.104872428789077 0.109273109086956 0.144279030368118
"318" 0.104872428789077 0.109548151605574 0.144495564205502
"319" 0.104872428789077 0.109823194124191 0.144708552062205
"320" 0.104872428789077 0.110098236642809 0.144917993938227
"321" 0.104872428789077 0.110373279161426 0.145123889833568
"322" 0.104872428789077 0.110648321680043 0.145326239748229
"323" 0.104872428789077 0.110923364198661 0.145525043682209
"324" 0.104872428789077 0.111198406717278 0.145720301635507
"325" 0.104872428789077 0.111473449235896 0.145912013608125
"326" 0.104872428789077 0.111748491754513 0.146100179600062
"327" 0.104872428789077 0.112023534273131 0.146284799611319
"328" 0.104872428789077 0.112298576791748 0.146465873641894
"329" 0.104872428789077 0.112573619310366 0.146643401691789
"330" 0.104872428789077 0.112848661828983 0.146817383761003
"331" 0.104872428789077 0.113123704347601 0.146987819849535
"332" 0.104872428789077 0.113398746866218 0.147154709957388
"333" 0.104872428789077 0.113673789384836 0.147318054084559
"334" 0.104872428789077 0.113948831903453 0.147477852231049
"335" 0.104872428789077 0.114223874422071 0.147634104396859
"336" 0.104872428789077 0.114498916940688 0.147786810581988
"337" 0.104872428789077 0.114773959459306 0.147935970786436
"338" 0.104872428789077 0.115049001977923 0.148081585010203
"339" 0.104872428789077 0.115324044496541 0.148223653253289
"340" 0.104872428789077 0.115599087015158 0.148362175515695
"341" 0.104872428789077 0.115874129533775 0.148497151797419
"342" 0.104872428789077 0.116149172052393 0.148628582098463
"343" 0.104872428789077 0.11642421457101 0.148756466418826
"344" 0.104872428789077 0.116699257089628 0.148880804758508
"345" 0.104872428789077 0.116974299608245 0.14900159711751
"346" 0.104872428789077 0.117249342126863 0.14911884349583
"347" 0.104872428789077 0.11752438464548 0.14923254389347
"348" 0.104872428789077 0.117799427164098 0.149342698310429
"349" 0.104872428789077 0.118074469682715 0.149449306746707
"350" 0.104872428789077 0.118349512201333 0.149552369202304
"351" 0.104872428789077 0.11862455471995 0.14965188567722
"352" 0.104872428789077 0.118899597238568 0.149747856171456
"353" 0.104872428789077 0.119174639757185 0.14984028068501
"354" 0.104872428789077 0.119449682275803 0.149929159217884
"355" 0.104872428789077 0.11972472479442 0.150014491770077
"356" 0.104872428789077 0.119999767313038 0.150096278341589
"357" 0.104872428789077 0.120274809831655 0.150174518932421
"358" 0.104872428789077 0.120549852350273 0.150249213542571
"359" 0.104872428789077 0.12082489486889 0.150320362172041
"360" 0.104872428789077 0.121099937387507 0.15038796482083
"361" 0.104872428789077 0.121374979906125 0.150452021488938
"362" 0.104872428789077 0.121650022424742 0.150512532176365
"363" 0.104872428789077 0.12192506494336 0.150569496883112
"364" 0.104872428789077 0.122200107461977 0.150622915609177
"365" 0.104872428789077 0.122475149980595 0.150672788354562
"366" 0.104872428789077 0.122750192499212 0.150719115119266
"367" 0.104872428789077 0.12302523501783 0.150761895903289
"368" 0.104872428789077 0.123300277536447 0.150801130706631
"369" 0.104872428789077 0.123575320055065 0.150836819529292
"370" 0.104872428789077 0.123850362573682 0.150868962371273
"371" 0.104872428789077 0.1241254050923 0.150897559232573
"372" 0.104872428789077 0.124400447610917 0.150922610113192
"373" 0.104872428789077 0.124675490129535 0.15094411501313
"374" 0.104872428789077 0.124950532648152 0.150962073932387
"375" 0.104872428789077 0.12522557516677 0.150976486870963
"376" 0.104872428789077 0.125500617685387 0.150987353828859
"377" 0.104872428789077 0.125775660204004 0.150994674806074
"378" 0.104872428789077 0.126050702722622 0.150998449802608
"379" 0.104872428789077 0.126325745241239 0.150998678818461
"380" 0.104872428789077 0.126600787759857 0.150995361853633
"381" 0.104872428789077 0.126875830278474 0.150988498908124
"382" 0.104872428789077 0.127150872797092 0.150978089981935
"383" 0.104872428789077 0.127425915315709 0.150964135075065
"384" 0.104872428789077 0.127700957834327 0.150946634187513
"385" 0.104872428789077 0.127976000352944 0.150925587319282
"386" 0.104872428789077 0.128251042871562 0.150900994470369
"387" 0.104872428789077 0.128526085390179 0.150872855640775
"388" 0.104872428789077 0.128801127908797 0.150841170830501
"389" 0.104872428789077 0.129076170427414 0.150805940039546
"390" 0.104872428789077 0.129351212946032 0.15076716326791
"391" 0.104872428789077 0.129626255464649 0.150724840515593
"392" 0.104872428789077 0.129901297983267 0.150678971782595
"393" 0.104872428789077 0.130176340501884 0.150629557068916
"394" 0.104872428789077 0.130451383020502 0.150576596374557
"395" 0.104872428789077 0.130726425539119 0.150520089699517
"396" 0.104872428789077 0.131001468057736 0.150460037043796
"397" 0.104872428789077 0.131276510576354 0.150396438407394
"398" 0.104872428789077 0.131551553094971 0.150329293790311
"399" 0.104872428789077 0.131826595613589 0.150258603192548
"400" 0.104872428789077 0.132101638132206 0.150184366614103
"401" 0.104872428789077 0.132376680650824 0.150106584054978
"402" 0.104872428789077 0.132651723169441 0.150025255515172
"403" 0.104872428789077 0.132926765688059 0.149940380994685
"404" 0.104872428789077 0.133201808206676 0.149851960493517
"405" 0.104872428789077 0.133476850725294 0.149759994011669
"406" 0.104872428789077 0.133751893243911 0.14966448154914
"407" 0.104872428789077 0.134026935762529 0.14956542310593
"408" 0.104872428789077 0.134301978281146 0.149462818682039
"409" 0.104872428789077 0.134577020799764 0.149356668277467
"410" 0.104872428789077 0.134852063318381 0.149246971892214
"411" 0.104872428789077 0.135127105836999 0.14913372952628
"412" 0.104872428789077 0.135402148355616 0.149016941179666
"413" 0.104872428789077 0.135677190874233 0.148896606852371
"414" 0.104872428789077 0.135952233392851 0.148772726544395
"415" 0.104872428789077 0.136227275911468 0.148645300255738
"416" 0.104872428789077 0.136502318430086 0.1485143279864
"417" 0.104872428789077 0.136777360948703 0.148379809736382
"418" 0.104872428789077 0.137052403467321 0.148241745505683
"419" 0.104872428789077 0.137327445985938 0.148100135294303
"420" 0.104872428789077 0.137602488504556 0.147954979102241
"421" 0.104872428789077 0.137877531023173 0.1478062769295
"422" 0.104872428789077 0.138152573541791 0.147654028776077
"423" 0.104872428789077 0.138427616060408 0.147498234641974
"424" 0.104872428789077 0.138702658579026 0.147338894527189
"425" 0.104872428789077 0.138977701097643 0.147176008431724
"426" 0.104872428789077 0.139252743616261 0.147009576355578
"427" 0.104872428789077 0.139527786134878 0.146839598298751
"428" 0.104872428789077 0.139802828653496 0.146666074261244
"429" 0.104872428789077 0.140077871172113 0.146489004243055
"430" 0.104872428789077 0.14035291369073 0.146308388244186
"431" 0.104872428789077 0.140627956209348 0.146124226264636
"432" 0.104872428789077 0.140902998727965 0.145936518304405
"433" 0.104872428789077 0.141178041246583 0.145745264363493
"434" 0.104872428789077 0.1414530837652 0.145550464441901
"435" 0.104872428789077 0.141728126283818 0.145352118539627
"436" 0.104872428789077 0.142003168802435 0.145150226656673
"437" 0.104872428789077 0.142278211321053 0.144944788793038
"438" 0.104872428789077 0.14255325383967 0.144735804948722
"439" 0.104872428789077 0.142828296358288 0.144523275123725
"440" 0.104872428789077 0.143103338876905 0.144307199318047
"441" 0.104872428789077 0.143378381395523 0.144087577531689
"442" 0.104872428789077 0.14365342391414 0.14386440976465
"443" 0.104872428789077 0.143928466432758 0.143637696016929
"444" 0.104872428789077 0.144203508951375 0.143407436288529
"445" 0.104872428789077 0.144478551469993 0.143173630579447
"446" 0.104872428789077 0.14475359398861 0.142936278889684
"447" 0.104872428789077 0.145028636507228 0.142695381219241
"448" 0.104872428789077 0.145303679025845 0.142450937568117
"449" 0.104872428789077 0.145578721544462 0.142202947936312
"450" 0.104872428789077 0.14585376406308 0.141951412323826
"451" 0.104872428789077 0.146128806581697 0.141696330730659
"452" 0.104872428789077 0.146403849100315 0.141437703156811
"453" 0.104872428789077 0.146678891618932 0.141175529602283
"454" 0.104872428789077 0.14695393413755 0.140909810067074
"455" 0.104872428789077 0.147228976656167 0.140640544551184
"456" 0.104872428789077 0.147504019174785 0.140367733054613
"457" 0.104872428789077 0.147779061693402 0.140091375577361
"458" 0.104872428789077 0.14805410421202 0.139811472119428
"459" 0.104872428789077 0.148329146730637 0.139528022680815
"460" 0.104872428789077 0.148604189249255 0.139241027261521
"461" 0.104872428789077 0.148879231767872 0.138950485861546
"462" 0.104872428789077 0.14915427428649 0.13865639848089
"463" 0.104872428789077 0.149429316805107 0.138358765119553
"464" 0.104872428789077 0.149704359323725 0.138057585777536
"465" 0.104872428789077 0.149979401842342 0.137752860454837
"466" 0.104872428789077 0.15025444436096 0.137444589151458
"467" 0.104872428789077 0.150529486879577 0.137132771867398
"468" 0.104872428789077 0.150804529398194 0.136817408602657
"469" 0.104872428789077 0.151079571916812 0.136498499357236
"470" 0.104872428789077 0.151354614435429 0.136176044131133
"471" 0.104872428789077 0.151629656954047 0.13585004292435
"472" 0.104872428789077 0.151904699472664 0.135520495736885
"473" 0.104872428789077 0.152179741991282 0.13518740256874
"474" 0.104872428789077 0.152454784509899 0.134850763419914
"475" 0.104872428789077 0.152729827028517 0.134510578290408
"476" 0.104872428789077 0.153004869547134 0.13416684718022
"477" 0.104872428789077 0.153279912065752 0.133819570089352
"478" 0.104872428789077 0.153554954584369 0.133468747017803
"479" 0.104872428789077 0.153829997102987 0.133114377965573
"480" 0.104872428789077 0.154105039621604 0.132756462932662
"481" 0.104872428789077 0.154380082140222 0.13239500191907
"482" 0.104872428789077 0.154655124658839 0.132029994924798
"483" 0.104872428789077 0.154930167177457 0.131661441949845
"484" 0.104872428789077 0.155205209696074 0.13128934299421
"485" 0.104872428789077 0.155480252214691 0.130913698057895
"486" 0.104872428789077 0.155755294733309 0.1305345071409
"487" 0.104872428789077 0.156030337251926 0.130151770243223
"488" 0.104872428789077 0.156305379770544 0.129765487364865
"489" 0.104872428789077 0.156580422289161 0.129375658505827
"490" 0.104872428789077 0.156855464807779 0.128982283666108
"491" 0.104872428789077 0.157130507326396 0.128585362845708
"492" 0.104872428789077 0.157405549845014 0.128184896044627
"493" 0.104872428789077 0.157680592363631 0.127780883262866
"494" 0.104872428789077 0.157955634882249 0.127373324500423
"495" 0.104872428789077 0.158230677400866 0.1269622197573
"496" 0.104872428789077 0.158505719919484 0.126547569033496
"497" 0.104872428789077 0.158780762438101 0.126129372329011
"498" 0.104872428789077 0.159055804956719 0.125707629643845
"499" 0.104872428789077 0.159330847475336 0.125282340977998
"500" 0.104872428789077 0.159605889993954 0.124853506331471
"501" 0.104872428789077 0.159880932512571 0.124421125704263
"502" 0.104872428789077 0.160155975031189 0.123985199096373
"503" 0.104872428789077 0.160431017549806 0.123545726507803
"504" 0.104872428789077 0.160706060068423 0.123102707938553
"505" 0.104872428789077 0.160981102587041 0.122656143388621
"506" 0.104872428789077 0.161256145105658 0.122206032858009
"507" 0.104872428789077 0.161531187624276 0.121752376346715
"508" 0.104872428789077 0.161806230142893 0.121295173854741
"509" 0.104872428789077 0.162081272661511 0.120834425382086
"510" 0.104872428789077 0.162356315180128 0.120370130928751
"511" 0.104872428789077 0.162631357698746 0.119902290494734
"512" 0.104872428789077 0.162906400217363 0.119430904080037
"513" 0.104872428789077 0.163181442735981 0.118955971684658
"514" 0.104872428789077 0.163456485254598 0.118477493308599
"515" 0.104872428789077 0.163731527773216 0.117995468951859
"516" 0.104872428789077 0.164006570291833 0.117509898614439
"517" 0.104872428789077 0.164281612810451 0.117020782296337
"518" 0.104872428789077 0.164556655329068 0.116528119997555
"519" 0.104872428789077 0.164831697847686 0.116031911718091
"520" 0.104872428789077 0.165106740366303 0.115532157457947
"521" 0.104872428789077 0.165381782884921 0.115028857217122
"522" 0.104872428789077 0.165656825403538 0.114522010995617
"523" 0.104872428789077 0.165931867922155 0.11401161879343
"524" 0.104872428789077 0.166206910440773 0.113497680610563
"525" 0.104872428789077 0.16648195295939 0.112980196447015
"526" 0.104872428789077 0.166756995478008 0.112459166302785
"527" 0.104872428789077 0.167032037996625 0.111934590177876
"528" 0.104872428789077 0.167307080515243 0.111406468072285
"529" 0.104872428789077 0.16758212303386 0.110874799986013
"530" 0.104872428789077 0.167857165552478 0.110339585919061
"531" 0.104872428789077 0.168132208071095 0.109800825871428
"532" 0.104872428789077 0.168407250589713 0.109258519843114
"533" 0.104872428789077 0.16868229310833 0.108712667834119
"534" 0.104872428789077 0.168957335626948 0.108163269844443
"535" 0.104872428789077 0.169232378145565 0.107610325874087
"536" 0.104872428789077 0.169507420664183 0.107053835923049
"537" 0.104872428789077 0.1697824631828 0.106493799991331
"538" 0.104872428789077 0.170057505701418 0.105930218078932
"539" 0.104872428789077 0.170332548220035 0.105363090185852
"540" 0.104872428789077 0.170607590738652 0.104792416312091
"541" 0.104872428789077 0.17088263325727 0.10421819645765
"542" 0.104872428789077 0.171157675775887 0.103640430622528
"543" 0.104872428789077 0.171432718294505 0.103059118806724
"544" 0.104872428789077 0.171707760813122 0.10247426101024
"545" 0.104872428789077 0.17198280333174 0.101885857233076
"546" 0.104872428789077 0.172257845850357 0.10129390747523
"547" 0.104872428789077 0.172532888368975 0.100698411736703
"548" 0.104872428789077 0.172807930887592 0.100099370017496
"549" 0.104872428789077 0.17308297340621 0.0994967823176078
"550" 0.104872428789077 0.173358015924827 0.0988906486370388
"551" 0.104872428789077 0.173633058443445 0.0982809689757891
"552" 0.104872428789077 0.173908100962062 0.0976677433338584
"553" 0.104872428789077 0.17418314348068 0.097050971711247
"554" 0.104872428789077 0.174458185999297 0.0964306541079545
"555" 0.104872428789077 0.174733228517915 0.0958067905239814
"556" 0.104872428789077 0.175008271036532 0.0951793809593274
"557" 0.104872428789077 0.17528331355515 0.0945484254139927
"558" 0.104872428789077 0.175558356073767 0.093913923887977
"559" 0.104872428789077 0.175833398592384 0.0932758763812804
"560" 0.104872428789077 0.176108441111002 0.0926342828939033
"561" 0.104872428789077 0.176383483629619 0.0919891434258451
"562" 0.104872428789077 0.176658526148237 0.0913404579771061
"563" 0.104872428789077 0.176933568666854 0.0906882265476864
"564" 0.104872428789077 0.177208611185472 0.0900324491375857
"565" 0.104872428789077 0.177483653704089 0.0893731257468042
"566" 0.104872428789077 0.177758696222707 0.0887102563753419
"567" 0.104872428789077 0.178033738741324 0.0880438410231988
"568" 0.104872428789077 0.178308781259942 0.087373879690375
"569" 0.104872428789077 0.178583823778559 0.08670037237687
"570" 0.104872428789077 0.178858866297177 0.0860233190826845
"571" 0.104872428789077 0.179133908815794 0.085342719807818
"572" 0.104872428789077 0.179408951334412 0.0846585745522708
"573" 0.104872428789077 0.179683993853029 0.0839708833160427
"574" 0.104872428789077 0.179959036371647 0.0832796460991339
"575" 0.104872428789077 0.180234078890264 0.082584862901544
"576" 0.104872428789077 0.180509121408881 0.0818865337232734
"577" 0.104872428789077 0.180784163927499 0.081184658564322
"578" 0.104872428789077 0.181059206446116 0.0804792374246898
"579" 0.104872428789077 0.181334248964734 0.0797702703043767
"580" 0.104872428789077 0.181609291483351 0.0790577572033827
"581" 0.104872428789077 0.181884334001969 0.0783416981217079
"582" 0.104872428789077 0.182159376520586 0.0776220930593524
"583" 0.104872428789077 0.182434419039204 0.0768989420163159
"584" 0.104872428789077 0.182709461557821 0.0761722449925988
"585" 0.104872428789077 0.182984504076439 0.0754420019882006
"586" 0.104872428789077 0.183259546595056 0.0747082130031217
"587" 0.104872428789077 0.183534589113674 0.0739708780373619
"588" 0.104872428789077 0.183809631632291 0.0732299970909214
"589" 0.104872428789077 0.184084674150909 0.0724855701638001
"590" 0.104872428789077 0.184359716669526 0.0717375972559979
"591" 0.104872428789077 0.184634759188144 0.0709860783675147
"592" 0.104872428789077 0.184909801706761 0.0702310134983508
"593" 0.104872428789077 0.185184844225379 0.0694724026485062
"594" 0.104872428789077 0.185459886743996 0.0687102458179807
"595" 0.104872428789077 0.185734929262613 0.0679445430067742
"596" 0.104872428789077 0.186009971781231 0.0671752942148869
"597" 0.104872428789077 0.186285014299848 0.0664024994423189
"598" 0.104872428789077 0.186560056818466 0.0656261586890701
"599" 0.104872428789077 0.186835099337083 0.0648462719551404
"600" 0.104872428789077 0.187110141855701 0.0640628392405298
"601" 0.104872428789077 0.187385184374318 0.0632758605452385
