"fitted.vals.predict.dm.inter.only" "fitted.vals.predict.dm.linear" "fitted.vals.predict.dm.quad"
"1" 0.0147640948495714 0.0143570717983338 0.0132485483934152
"2" 0.0147640948495714 0.0143584285418379 0.0132593909300557
"3" 0.0147640948495714 0.014359785285342 0.0132702017945989
"4" 0.0147640948495714 0.0143611420288461 0.0132809809870449
"5" 0.0147640948495714 0.0143624987723503 0.0132917285073935
"6" 0.0147640948495714 0.0143638555158544 0.0133024443556449
"7" 0.0147640948495714 0.0143652122593585 0.013313128531799
"8" 0.0147640948495714 0.0143665690028626 0.0133237810358558
"9" 0.0147640948495714 0.0143679257463668 0.0133344018678153
"10" 0.0147640948495714 0.0143692824898709 0.0133449910276775
"11" 0.0147640948495714 0.014370639233375 0.0133555485154425
"12" 0.0147640948495714 0.0143719959768791 0.0133660743311101
"13" 0.0147640948495714 0.0143733527203833 0.0133765684746805
"14" 0.0147640948495714 0.0143747094638874 0.0133870309461536
"15" 0.0147640948495714 0.0143760662073915 0.0133974617455294
"16" 0.0147640948495714 0.0143774229508956 0.013407860872808
"17" 0.0147640948495714 0.0143787796943998 0.0134182283279892
"18" 0.0147640948495714 0.0143801364379039 0.0134285641110732
"19" 0.0147640948495714 0.014381493181408 0.0134388682220599
"20" 0.0147640948495714 0.0143828499249121 0.0134491406609493
"21" 0.0147640948495714 0.0143842066684163 0.0134593814277414
"22" 0.0147640948495714 0.0143855634119204 0.0134695905224362
"23" 0.0147640948495714 0.0143869201554245 0.0134797679450338
"24" 0.0147640948495714 0.0143882768989286 0.013489913695534
"25" 0.0147640948495714 0.0143896336424328 0.013500027773937
"26" 0.0147640948495714 0.0143909903859369 0.0135101101802427
"27" 0.0147640948495714 0.014392347129441 0.0135201609144511
"28" 0.0147640948495714 0.0143937038729451 0.0135301799765622
"29" 0.0147640948495714 0.0143950606164493 0.0135401673665761
"30" 0.0147640948495714 0.0143964173599534 0.0135501230844927
"31" 0.0147640948495714 0.0143977741034575 0.0135600471303119
"32" 0.0147640948495714 0.0143991308469616 0.0135699395040339
"33" 0.0147640948495714 0.0144004875904658 0.0135798002056587
"34" 0.0147640948495714 0.0144018443339699 0.0135896292351861
"35" 0.0147640948495714 0.014403201077474 0.0135994265926162
"36" 0.0147640948495714 0.0144045578209782 0.0136091922779491
"37" 0.0147640948495714 0.0144059145644823 0.0136189262911847
"38" 0.0147640948495714 0.0144072713079864 0.013628628632323
"39" 0.0147640948495714 0.0144086280514905 0.013638299301364
"40" 0.0147640948495714 0.0144099847949947 0.0136479382983077
"41" 0.0147640948495714 0.0144113415384988 0.0136575456231542
"42" 0.0147640948495714 0.0144126982820029 0.0136671212759033
"43" 0.0147640948495714 0.014414055025507 0.0136766652565552
"44" 0.0147640948495714 0.0144154117690112 0.0136861775651098
"45" 0.0147640948495714 0.0144167685125153 0.0136956582015671
"46" 0.0147640948495714 0.0144181252560194 0.0137051071659272
"47" 0.0147640948495714 0.0144194819995235 0.0137145244581899
"48" 0.0147640948495714 0.0144208387430277 0.0137239100783554
"49" 0.0147640948495714 0.0144221954865318 0.0137332640264235
"50" 0.0147640948495714 0.0144235522300359 0.0137425863023944
"51" 0.0147640948495714 0.01442490897354 0.0137518769062681
"52" 0.0147640948495714 0.0144262657170442 0.0137611358380444
"53" 0.0147640948495714 0.0144276224605483 0.0137703630977234
"54" 0.0147640948495714 0.0144289792040524 0.0137795586853052
"55" 0.0147640948495714 0.0144303359475565 0.0137887226007897
"56" 0.0147640948495714 0.0144316926910607 0.0137978548441769
"57" 0.0147640948495714 0.0144330494345648 0.0138069554154668
"58" 0.0147640948495714 0.0144344061780689 0.0138160243146594
"59" 0.0147640948495714 0.014435762921573 0.0138250615417548
"60" 0.0147640948495714 0.0144371196650772 0.0138340670967528
"61" 0.0147640948495714 0.0144384764085813 0.0138430409796536
"62" 0.0147640948495714 0.0144398331520854 0.0138519831904571
"63" 0.0147640948495714 0.0144411898955895 0.0138608937291633
"64" 0.0147640948495714 0.0144425466390937 0.0138697725957722
"65" 0.0147640948495714 0.0144439033825978 0.0138786197902839
"66" 0.0147640948495714 0.0144452601261019 0.0138874353126983
"67" 0.0147640948495714 0.014446616869606 0.0138962191630153
"68" 0.0147640948495714 0.0144479736131102 0.0139049713412351
"69" 0.0147640948495714 0.0144493303566143 0.0139136918473576
"70" 0.0147640948495714 0.0144506871001184 0.0139223806813829
"71" 0.0147640948495714 0.0144520438436225 0.0139310378433108
"72" 0.0147640948495714 0.0144534005871267 0.0139396633331415
"73" 0.0147640948495714 0.0144547573306308 0.0139482571508749
"74" 0.0147640948495714 0.0144561140741349 0.013956819296511
"75" 0.0147640948495714 0.014457470817639 0.0139653497700498
"76" 0.0147640948495714 0.0144588275611432 0.0139738485714913
"77" 0.0147640948495714 0.0144601843046473 0.0139823157008355
"78" 0.0147640948495714 0.0144615410481514 0.0139907511580825
"79" 0.0147640948495714 0.0144628977916555 0.0139991549432322
"80" 0.0147640948495714 0.0144642545351597 0.0140075270562846
"81" 0.0147640948495714 0.0144656112786638 0.0140158674972397
"82" 0.0147640948495714 0.0144669680221679 0.0140241762660975
"83" 0.0147640948495714 0.014468324765672 0.0140324533628581
"84" 0.0147640948495714 0.0144696815091762 0.0140406987875213
"85" 0.0147640948495714 0.0144710382526803 0.0140489125400873
"86" 0.0147640948495714 0.0144723949961844 0.014057094620556
"87" 0.0147640948495714 0.0144737517396885 0.0140652450289274
"88" 0.0147640948495714 0.0144751084831927 0.0140733637652015
"89" 0.0147640948495714 0.0144764652266968 0.0140814508293784
"90" 0.0147640948495714 0.0144778219702009 0.014089506221458
"91" 0.0147640948495714 0.014479178713705 0.0140975299414402
"92" 0.0147640948495714 0.0144805354572092 0.0141055219893252
"93" 0.0147640948495714 0.0144818922007133 0.0141134823651129
"94" 0.0147640948495714 0.0144832489442174 0.0141214110688034
"95" 0.0147640948495714 0.0144846056877215 0.0141293081003965
"96" 0.0147640948495714 0.0144859624312257 0.0141371734598924
"97" 0.0147640948495714 0.0144873191747298 0.014145007147291
"98" 0.0147640948495714 0.0144886759182339 0.0141528091625922
"99" 0.0147640948495714 0.014490032661738 0.0141605795057963
"100" 0.0147640948495714 0.0144913894052422 0.014168318176903
"101" 0.0147640948495714 0.0144927461487463 0.0141760251759124
"102" 0.0147640948495714 0.0144941028922504 0.0141837005028246
"103" 0.0147640948495714 0.0144954596357545 0.0141913441576395
"104" 0.0147640948495714 0.0144968163792587 0.0141989561403571
"105" 0.0147640948495714 0.0144981731227628 0.0142065364509774
"106" 0.0147640948495714 0.0144995298662669 0.0142140850895004
"107" 0.0147640948495714 0.014500886609771 0.0142216020559261
"108" 0.0147640948495714 0.0145022433532752 0.0142290873502546
"109" 0.0147640948495714 0.0145036000967793 0.0142365409724858
"110" 0.0147640948495714 0.0145049568402834 0.0142439629226197
"111" 0.0147640948495714 0.0145063135837876 0.0142513532006563
"112" 0.0147640948495714 0.0145076703272917 0.0142587118065956
"113" 0.0147640948495714 0.0145090270707958 0.0142660387404377
"114" 0.0147640948495714 0.0145103838142999 0.0142733340021824
"115" 0.0147640948495714 0.0145117405578041 0.0142805975918299
"116" 0.0147640948495714 0.0145130973013082 0.0142878295093801
"117" 0.0147640948495714 0.0145144540448123 0.014295029754833
"118" 0.0147640948495714 0.0145158107883164 0.0143021983281886
"119" 0.0147640948495714 0.0145171675318206 0.014309335229447
"120" 0.0147640948495714 0.0145185242753247 0.014316440458608
"121" 0.0147640948495714 0.0145198810188288 0.0143235140156718
"122" 0.0147640948495714 0.0145212377623329 0.0143305559006383
"123" 0.0147640948495714 0.0145225945058371 0.0143375661135075
"124" 0.0147640948495714 0.0145239512493412 0.0143445446542794
"125" 0.0147640948495714 0.0145253079928453 0.0143514915229541
"126" 0.0147640948495714 0.0145266647363494 0.0143584067195314
"127" 0.0147640948495714 0.0145280214798536 0.0143652902440115
"128" 0.0147640948495714 0.0145293782233577 0.0143721420963943
"129" 0.0147640948495714 0.0145307349668618 0.0143789622766798
"130" 0.0147640948495714 0.0145320917103659 0.014385750784868
"131" 0.0147640948495714 0.0145334484538701 0.014392507620959
"132" 0.0147640948495714 0.0145348051973742 0.0143992327849526
"133" 0.0147640948495714 0.0145361619408783 0.014405926276849
"134" 0.0147640948495714 0.0145375186843824 0.0144125880966481
"135" 0.0147640948495714 0.0145388754278866 0.0144192182443499
"136" 0.0147640948495714 0.0145402321713907 0.0144258167199545
"137" 0.0147640948495714 0.0145415889148948 0.0144323835234617
"138" 0.0147640948495714 0.0145429456583989 0.0144389186548717
"139" 0.0147640948495714 0.0145443024019031 0.0144454221141843
"140" 0.0147640948495714 0.0145456591454072 0.0144518939013997
"141" 0.0147640948495714 0.0145470158889113 0.0144583340165178
"142" 0.0147640948495714 0.0145483726324154 0.0144647424595387
"143" 0.0147640948495714 0.0145497293759196 0.0144711192304622
"144" 0.0147640948495714 0.0145510861194237 0.0144774643292885
"145" 0.0147640948495714 0.0145524428629278 0.0144837777560174
"146" 0.0147640948495714 0.0145537996064319 0.0144900595106491
"147" 0.0147640948495714 0.0145551563499361 0.0144963095931835
"148" 0.0147640948495714 0.0145565130934402 0.0145025280036207
"149" 0.0147640948495714 0.0145578698369443 0.0145087147419605
"150" 0.0147640948495714 0.0145592265804484 0.0145148698082031
"151" 0.0147640948495714 0.0145605833239526 0.0145209932023483
"152" 0.0147640948495714 0.0145619400674567 0.0145270849243963
"153" 0.0147640948495714 0.0145632968109608 0.014533144974347
"154" 0.0147640948495714 0.0145646535544649 0.0145391733522005
"155" 0.0147640948495714 0.0145660102979691 0.0145451700579566
"156" 0.0147640948495714 0.0145673670414732 0.0145511350916155
"157" 0.0147640948495714 0.0145687237849773 0.014557068453177
"158" 0.0147640948495714 0.0145700805284814 0.0145629701426413
"159" 0.0147640948495714 0.0145714372719856 0.0145688401600083
"160" 0.0147640948495714 0.0145727940154897 0.0145746785052781
"161" 0.0147640948495714 0.0145741507589938 0.0145804851784505
"162" 0.0147640948495714 0.0145755075024979 0.0145862601795257
"163" 0.0147640948495714 0.0145768642460021 0.0145920035085035
"164" 0.0147640948495714 0.0145782209895062 0.0145977151653841
"165" 0.0147640948495714 0.0145795777330103 0.0146033951501674
"166" 0.0147640948495714 0.0145809344765144 0.0146090434628535
"167" 0.0147640948495714 0.0145822912200186 0.0146146601034422
"168" 0.0147640948495714 0.0145836479635227 0.0146202450719337
"169" 0.0147640948495714 0.0145850047070268 0.0146257983683278
"170" 0.0147640948495714 0.0145863614505309 0.0146313199926247
"171" 0.0147640948495714 0.0145877181940351 0.0146368099448243
"172" 0.0147640948495714 0.0145890749375392 0.0146422682249266
"173" 0.0147640948495714 0.0145904316810433 0.0146476948329317
"174" 0.0147640948495714 0.0145917884245474 0.0146530897688394
"175" 0.0147640948495714 0.0145931451680516 0.0146584530326499
"176" 0.0147640948495714 0.0145945019115557 0.0146637846243631
"177" 0.0147640948495714 0.0145958586550598 0.014669084543979
"178" 0.0147640948495714 0.0145972153985639 0.0146743527914976
"179" 0.0147640948495714 0.0145985721420681 0.014679589366919
"180" 0.0147640948495714 0.0145999288855722 0.014684794270243
"181" 0.0147640948495714 0.0146012856290763 0.0146899675014698
"182" 0.0147640948495714 0.0146026423725804 0.0146951090605993
"183" 0.0147640948495714 0.0146039991160846 0.0147002189476315
"184" 0.0147640948495714 0.0146053558595887 0.0147052971625664
"185" 0.0147640948495714 0.0146067126030928 0.0147103437054041
"186" 0.0147640948495714 0.014608069346597 0.0147153585761444
"187" 0.0147640948495714 0.0146094260901011 0.0147203417747875
"188" 0.0147640948495714 0.0146107828336052 0.0147252933013333
"189" 0.0147640948495714 0.0146121395771093 0.0147302131557818
"190" 0.0147640948495714 0.0146134963206135 0.014735101338133
"191" 0.0147640948495714 0.0146148530641176 0.014739957848387
"192" 0.0147640948495714 0.0146162098076217 0.0147447826865436
"193" 0.0147640948495714 0.0146175665511258 0.014749575852603
"194" 0.0147640948495714 0.01461892329463 0.0147543373465651
"195" 0.0147640948495714 0.0146202800381341 0.0147590671684299
"196" 0.0147640948495714 0.0146216367816382 0.0147637653181974
"197" 0.0147640948495714 0.0146229935251423 0.0147684317958676
"198" 0.0147640948495714 0.0146243502686465 0.0147730666014406
"199" 0.0147640948495714 0.0146257070121506 0.0147776697349163
"200" 0.0147640948495714 0.0146270637556547 0.0147822411962947
"201" 0.0147640948495714 0.0146284204991588 0.0147867809855758
"202" 0.0147640948495714 0.014629777242663 0.0147912891027596
"203" 0.0147640948495714 0.0146311339861671 0.0147957655478461
"204" 0.0147640948495714 0.0146324907296712 0.0148002103208354
"205" 0.0147640948495714 0.0146338474731753 0.0148046234217274
"206" 0.0147640948495714 0.0146352042166795 0.014809004850522
"207" 0.0147640948495714 0.0146365609601836 0.0148133546072195
"208" 0.0147640948495714 0.0146379177036877 0.0148176726918196
"209" 0.0147640948495714 0.0146392744471918 0.0148219591043224
"210" 0.0147640948495714 0.014640631190696 0.014826213844728
"211" 0.0147640948495714 0.0146419879342001 0.0148304369130362
"212" 0.0147640948495714 0.0146433446777042 0.0148346283092472
"213" 0.0147640948495714 0.0146447014212083 0.0148387880333609
"214" 0.0147640948495714 0.0146460581647125 0.0148429160853774
"215" 0.0147640948495714 0.0146474149082166 0.0148470124652965
"216" 0.0147640948495714 0.0146487716517207 0.0148510771731183
"217" 0.0147640948495714 0.0146501283952248 0.0148551102088429
"218" 0.0147640948495714 0.014651485138729 0.0148591115724702
"219" 0.0147640948495714 0.0146528418822331 0.0148630812640002
"220" 0.0147640948495714 0.0146541986257372 0.0148670192834329
"221" 0.0147640948495714 0.0146555553692413 0.0148709256307684
"222" 0.0147640948495714 0.0146569121127455 0.0148748003060065
"223" 0.0147640948495714 0.0146582688562496 0.0148786433091474
"224" 0.0147640948495714 0.0146596255997537 0.014882454640191
"225" 0.0147640948495714 0.0146609823432578 0.0148862342991373
"226" 0.0147640948495714 0.014662339086762 0.0148899822859863
"227" 0.0147640948495714 0.0146636958302661 0.014893698600738
"228" 0.0147640948495714 0.0146650525737702 0.0148973832433925
"229" 0.0147640948495714 0.0146664093172743 0.0149010362139497
"230" 0.0147640948495714 0.0146677660607785 0.0149046575124096
"231" 0.0147640948495714 0.0146691228042826 0.0149082471387722
"232" 0.0147640948495714 0.0146704795477867 0.0149118050930375
"233" 0.0147640948495714 0.0146718362912908 0.0149153313752055
"234" 0.0147640948495714 0.014673193034795 0.0149188259852763
"235" 0.0147640948495714 0.0146745497782991 0.0149222889232497
"236" 0.0147640948495714 0.0146759065218032 0.0149257201891259
"237" 0.0147640948495714 0.0146772632653073 0.0149291197829048
"238" 0.0147640948495714 0.0146786200088115 0.0149324877045865
"239" 0.0147640948495714 0.0146799767523156 0.0149358239541708
"240" 0.0147640948495714 0.0146813334958197 0.0149391285316578
"241" 0.0147640948495714 0.0146826902393238 0.0149424014370476
"242" 0.0147640948495714 0.014684046982828 0.0149456426703401
"243" 0.0147640948495714 0.0146854037263321 0.0149488522315353
"244" 0.0147640948495714 0.0146867604698362 0.0149520301206332
"245" 0.0147640948495714 0.0146881172133403 0.0149551763376339
"246" 0.0147640948495714 0.0146894739568445 0.0149582908825372
"247" 0.0147640948495714 0.0146908307003486 0.0149613737553433
"248" 0.0147640948495714 0.0146921874438527 0.0149644249560521
"249" 0.0147640948495714 0.0146935441873568 0.0149674444846636
"250" 0.0147640948495714 0.014694900930861 0.0149704323411778
"251" 0.0147640948495714 0.0146962576743651 0.0149733885255947
"252" 0.0147640948495714 0.0146976144178692 0.0149763130379144
"253" 0.0147640948495714 0.0146989711613733 0.0149792058781368
"254" 0.0147640948495714 0.0147003279048775 0.0149820670462618
"255" 0.0147640948495714 0.0147016846483816 0.0149848965422896
"256" 0.0147640948495714 0.0147030413918857 0.0149876943662202
"257" 0.0147640948495714 0.0147043981353898 0.0149904605180534
"258" 0.0147640948495714 0.014705754878894 0.0149931949977894
"259" 0.0147640948495714 0.0147071116223981 0.014995897805428
"260" 0.0147640948495714 0.0147084683659022 0.0149985689409694
"261" 0.0147640948495714 0.0147098251094064 0.0150012084044135
"262" 0.0147640948495714 0.0147111818529105 0.0150038161957603
"263" 0.0147640948495714 0.0147125385964146 0.0150063923150099
"264" 0.0147640948495714 0.0147138953399187 0.0150089367621621
"265" 0.0147640948495714 0.0147152520834229 0.0150114495372171
"266" 0.0147640948495714 0.014716608826927 0.0150139306401748
"267" 0.0147640948495714 0.0147179655704311 0.0150163800710352
"268" 0.0147640948495714 0.0147193223139352 0.0150187978297983
"269" 0.0147640948495714 0.0147206790574394 0.0150211839164641
"270" 0.0147640948495714 0.0147220358009435 0.0150235383310327
"271" 0.0147640948495714 0.0147233925444476 0.015025861073504
"272" 0.0147640948495714 0.0147247492879517 0.0150281521438779
"273" 0.0147640948495714 0.0147261060314559 0.0150304115421546
"274" 0.0147640948495714 0.01472746277496 0.0150326392683341
"275" 0.0147640948495714 0.0147288195184641 0.0150348353224162
"276" 0.0147640948495714 0.0147301762619682 0.015036999704401
"277" 0.0147640948495714 0.0147315330054724 0.0150391324142886
"278" 0.0147640948495714 0.0147328897489765 0.0150412334520789
"279" 0.0147640948495714 0.0147342464924806 0.0150433028177719
"280" 0.0147640948495714 0.0147356032359847 0.0150453405113676
"281" 0.0147640948495714 0.0147369599794889 0.0150473465328661
"282" 0.0147640948495714 0.014738316722993 0.0150493208822672
"283" 0.0147640948495714 0.0147396734664971 0.0150512635595711
"284" 0.0147640948495714 0.0147410302100012 0.0150531745647777
"285" 0.0147640948495714 0.0147423869535054 0.015055053897887
"286" 0.0147640948495714 0.0147437436970095 0.015056901558899
"287" 0.0147640948495714 0.0147451004405136 0.0150587175478137
"288" 0.0147640948495714 0.0147464571840177 0.0150605018646312
"289" 0.0147640948495714 0.0147478139275219 0.0150622545093513
"290" 0.0147640948495714 0.014749170671026 0.0150639754819742
"291" 0.0147640948495714 0.0147505274145301 0.0150656647824998
"292" 0.0147640948495714 0.0147518841580342 0.0150673224109281
"293" 0.0147640948495714 0.0147532409015384 0.0150689483672592
"294" 0.0147640948495714 0.0147545976450425 0.0150705426514929
"295" 0.0147640948495714 0.0147559543885466 0.0150721052636294
"296" 0.0147640948495714 0.0147573111320507 0.0150736362036686
"297" 0.0147640948495714 0.0147586678755549 0.0150751354716105
"298" 0.0147640948495714 0.014760024619059 0.0150766030674551
"299" 0.0147640948495714 0.0147613813625631 0.0150780389912024
"300" 0.0147640948495714 0.0147627381060672 0.0150794432428525
"301" 0.0147640948495714 0.0147640948495714 0.0150808158224052
"302" 0.0147640948495714 0.0147654515930755 0.0150821567298607
"303" 0.0147640948495714 0.0147668083365796 0.0150834659652189
"304" 0.0147640948495714 0.0147681650800837 0.0150847435284798
"305" 0.0147640948495714 0.0147695218235879 0.0150859894196435
"306" 0.0147640948495714 0.014770878567092 0.0150872036387098
"307" 0.0147640948495714 0.0147722353105961 0.0150883861856789
"308" 0.0147640948495714 0.0147735920541002 0.0150895370605507
"309" 0.0147640948495714 0.0147749487976044 0.0150906562633252
"310" 0.0147640948495714 0.0147763055411085 0.0150917437940024
"311" 0.0147640948495714 0.0147776622846126 0.0150927996525823
"312" 0.0147640948495714 0.0147790190281167 0.015093823839065
"313" 0.0147640948495714 0.0147803757716209 0.0150948163534503
"314" 0.0147640948495714 0.014781732515125 0.0150957771957384
"315" 0.0147640948495714 0.0147830892586291 0.0150967063659292
"316" 0.0147640948495714 0.0147844460021332 0.0150976038640227
"317" 0.0147640948495714 0.0147858027456374 0.015098469690019
"318" 0.0147640948495714 0.0147871594891415 0.0150993038439179
"319" 0.0147640948495714 0.0147885162326456 0.0151001063257196
"320" 0.0147640948495714 0.0147898729761497 0.015100877135424
"321" 0.0147640948495714 0.0147912297196539 0.0151016162730311
"322" 0.0147640948495714 0.014792586463158 0.0151023237385409
"323" 0.0147640948495714 0.0147939432066621 0.0151029995319534
"324" 0.0147640948495714 0.0147952999501662 0.0151036436532687
"325" 0.0147640948495714 0.0147966566936704 0.0151042561024866
"326" 0.0147640948495714 0.0147980134371745 0.0151048368796073
"327" 0.0147640948495714 0.0147993701806786 0.0151053859846307
"328" 0.0147640948495714 0.0148007269241827 0.0151059034175568
"329" 0.0147640948495714 0.0148020836676869 0.0151063891783857
"330" 0.0147640948495714 0.014803440411191 0.0151068432671172
"331" 0.0147640948495714 0.0148047971546951 0.0151072656837515
"332" 0.0147640948495714 0.0148061538981993 0.0151076564282885
"333" 0.0147640948495714 0.0148075106417034 0.0151080155007282
"334" 0.0147640948495714 0.0148088673852075 0.0151083429010706
"335" 0.0147640948495714 0.0148102241287116 0.0151086386293157
"336" 0.0147640948495714 0.0148115808722158 0.0151089026854635
"337" 0.0147640948495714 0.0148129376157199 0.0151091350695141
"338" 0.0147640948495714 0.014814294359224 0.0151093357814674
"339" 0.0147640948495714 0.0148156511027281 0.0151095048213234
"340" 0.0147640948495714 0.0148170078462323 0.0151096421890821
"341" 0.0147640948495714 0.0148183645897364 0.0151097478847435
"342" 0.0147640948495714 0.0148197213332405 0.0151098219083077
"343" 0.0147640948495714 0.0148210780767446 0.0151098642597746
"344" 0.0147640948495714 0.0148224348202488 0.0151098749391441
"345" 0.0147640948495714 0.0148237915637529 0.0151098539464164
"346" 0.0147640948495714 0.014825148307257 0.0151098012815914
"347" 0.0147640948495714 0.0148265050507611 0.0151097169446692
"348" 0.0147640948495714 0.0148278617942653 0.0151096009356496
"349" 0.0147640948495714 0.0148292185377694 0.0151094532545328
"350" 0.0147640948495714 0.0148305752812735 0.0151092739013187
"351" 0.0147640948495714 0.0148319320247776 0.0151090628760073
"352" 0.0147640948495714 0.0148332887682818 0.0151088201785986
"353" 0.0147640948495714 0.0148346455117859 0.0151085458090926
"354" 0.0147640948495714 0.01483600225529 0.0151082397674894
"355" 0.0147640948495714 0.0148373589987941 0.0151079020537888
"356" 0.0147640948495714 0.0148387157422983 0.015107532667991
"357" 0.0147640948495714 0.0148400724858024 0.0151071316100959
"358" 0.0147640948495714 0.0148414292293065 0.0151066988801035
"359" 0.0147640948495714 0.0148427859728106 0.0151062344780138
"360" 0.0147640948495714 0.0148441427163148 0.0151057384038269
"361" 0.0147640948495714 0.0148454994598189 0.0151052106575427
"362" 0.0147640948495714 0.014846856203323 0.0151046512391611
"363" 0.0147640948495714 0.0148482129468271 0.0151040601486823
"364" 0.0147640948495714 0.0148495696903313 0.0151034373861063
"365" 0.0147640948495714 0.0148509264338354 0.0151027829514329
"366" 0.0147640948495714 0.0148522831773395 0.0151020968446622
"367" 0.0147640948495714 0.0148536399208436 0.0151013790657943
"368" 0.0147640948495714 0.0148549966643478 0.0151006296148291
"369" 0.0147640948495714 0.0148563534078519 0.0150998484917666
"370" 0.0147640948495714 0.014857710151356 0.0150990356966068
"371" 0.0147640948495714 0.0148590668948601 0.0150981912293497
"372" 0.0147640948495714 0.0148604236383643 0.0150973150899954
"373" 0.0147640948495714 0.0148617803818684 0.0150964072785437
"374" 0.0147640948495714 0.0148631371253725 0.0150954677949948
"375" 0.0147640948495714 0.0148644938688766 0.0150944966393486
"376" 0.0147640948495714 0.0148658506123808 0.0150934938116051
"377" 0.0147640948495714 0.0148672073558849 0.0150924593117643
"378" 0.0147640948495714 0.014868564099389 0.0150913931398263
"379" 0.0147640948495714 0.0148699208428931 0.0150902952957909
"380" 0.0147640948495714 0.0148712775863973 0.0150891657796583
"381" 0.0147640948495714 0.0148726343299014 0.0150880045914284
"382" 0.0147640948495714 0.0148739910734055 0.0150868117311012
"383" 0.0147640948495714 0.0148753478169096 0.0150855871986768
"384" 0.0147640948495714 0.0148767045604138 0.015084330994155
"385" 0.0147640948495714 0.0148780613039179 0.015083043117536
"386" 0.0147640948495714 0.014879418047422 0.0150817235688197
"387" 0.0147640948495714 0.0148807747909261 0.015080372348006
"388" 0.0147640948495714 0.0148821315344303 0.0150789894550952
"389" 0.0147640948495714 0.0148834882779344 0.015077574890087
"390" 0.0147640948495714 0.0148848450214385 0.0150761286529815
"391" 0.0147640948495714 0.0148862017649426 0.0150746507437788
"392" 0.0147640948495714 0.0148875585084468 0.0150731411624788
"393" 0.0147640948495714 0.0148889152519509 0.0150715999090815
"394" 0.0147640948495714 0.014890271995455 0.0150700269835869
"395" 0.0147640948495714 0.0148916287389591 0.015068422385995
"396" 0.0147640948495714 0.0148929854824633 0.0150667861163059
"397" 0.0147640948495714 0.0148943422259674 0.0150651181745194
"398" 0.0147640948495714 0.0148956989694715 0.0150634185606357
"399" 0.0147640948495714 0.0148970557129756 0.0150616872746547
"400" 0.0147640948495714 0.0148984124564798 0.0150599243165764
"401" 0.0147640948495714 0.0148997691999839 0.0150581296864008
"402" 0.0147640948495714 0.014901125943488 0.015056303384128
"403" 0.0147640948495714 0.0149024826869921 0.0150544454097578
"404" 0.0147640948495714 0.0149038394304963 0.0150525557632904
"405" 0.0147640948495714 0.0149051961740004 0.0150506344447257
"406" 0.0147640948495714 0.0149065529175045 0.0150486814540637
"407" 0.0147640948495714 0.0149079096610086 0.0150466967913045
"408" 0.0147640948495714 0.0149092664045128 0.0150446804564479
"409" 0.0147640948495714 0.0149106231480169 0.0150426324494941
"410" 0.0147640948495714 0.014911979891521 0.0150405527704429
"411" 0.0147640948495714 0.0149133366350251 0.0150384414192945
"412" 0.0147640948495714 0.0149146933785293 0.0150362983960488
"413" 0.0147640948495714 0.0149160501220334 0.0150341237007059
"414" 0.0147640948495714 0.0149174068655375 0.0150319173332656
"415" 0.0147640948495714 0.0149187636090417 0.0150296792937281
"416" 0.0147640948495714 0.0149201203525458 0.0150274095820932
"417" 0.0147640948495714 0.0149214770960499 0.0150251081983611
"418" 0.0147640948495714 0.014922833839554 0.0150227751425318
"419" 0.0147640948495714 0.0149241905830582 0.0150204104146051
"420" 0.0147640948495714 0.0149255473265623 0.0150180140145811
"421" 0.0147640948495714 0.0149269040700664 0.0150155859424599
"422" 0.0147640948495714 0.0149282608135705 0.0150131261982414
"423" 0.0147640948495714 0.0149296175570747 0.0150106347819256
"424" 0.0147640948495714 0.0149309743005788 0.0150081116935125
"425" 0.0147640948495714 0.0149323310440829 0.0150055569330021
"426" 0.0147640948495714 0.014933687787587 0.0150029705003944
"427" 0.0147640948495714 0.0149350445310912 0.0150003523956895
"428" 0.0147640948495714 0.0149364012745953 0.0149977026188873
"429" 0.0147640948495714 0.0149377580180994 0.0149950211699878
"430" 0.0147640948495714 0.0149391147616035 0.014992308048991
"431" 0.0147640948495714 0.0149404715051077 0.0149895632558969
"432" 0.0147640948495714 0.0149418282486118 0.0149867867907056
"433" 0.0147640948495714 0.0149431849921159 0.0149839786534169
"434" 0.0147640948495714 0.01494454173562 0.014981138844031
"435" 0.0147640948495714 0.0149458984791242 0.0149782673625478
"436" 0.0147640948495714 0.0149472552226283 0.0149753642089673
"437" 0.0147640948495714 0.0149486119661324 0.0149724293832895
"438" 0.0147640948495714 0.0149499687096365 0.0149694628855145
"439" 0.0147640948495714 0.0149513254531407 0.0149664647156421
"440" 0.0147640948495714 0.0149526821966448 0.0149634348736725
"441" 0.0147640948495714 0.0149540389401489 0.0149603733596056
"442" 0.0147640948495714 0.014955395683653 0.0149572801734414
"443" 0.0147640948495714 0.0149567524271572 0.0149541553151799
"444" 0.0147640948495714 0.0149581091706613 0.0149509987848212
"445" 0.0147640948495714 0.0149594659141654 0.0149478105823651
"446" 0.0147640948495714 0.0149608226576695 0.0149445907078118
"447" 0.0147640948495714 0.0149621794011737 0.0149413391611612
"448" 0.0147640948495714 0.0149635361446778 0.0149380559424133
"449" 0.0147640948495714 0.0149648928881819 0.0149347410515681
"450" 0.0147640948495714 0.014966249631686 0.0149313944886257
"451" 0.0147640948495714 0.0149676063751902 0.0149280162535859
"452" 0.0147640948495714 0.0149689631186943 0.0149246063464489
"453" 0.0147640948495714 0.0149703198621984 0.0149211647672146
"454" 0.0147640948495714 0.0149716766057025 0.014917691515883
"455" 0.0147640948495714 0.0149730333492067 0.0149141865924541
"456" 0.0147640948495714 0.0149743900927108 0.014910649996928
"457" 0.0147640948495714 0.0149757468362149 0.0149070817293045
"458" 0.0147640948495714 0.014977103579719 0.0149034817895838
"459" 0.0147640948495714 0.0149784603232232 0.0148998501777658
"460" 0.0147640948495714 0.0149798170667273 0.0148961868938505
"461" 0.0147640948495714 0.0149811738102314 0.0148924919378379
"462" 0.0147640948495714 0.0149825305537355 0.0148887653097281
"463" 0.0147640948495714 0.0149838872972397 0.0148850070095209
"464" 0.0147640948495714 0.0149852440407438 0.0148812170372165
"465" 0.0147640948495714 0.0149866007842479 0.0148773953928148
"466" 0.0147640948495714 0.014987957527752 0.0148735420763158
"467" 0.0147640948495714 0.0149893142712562 0.0148696570877195
"468" 0.0147640948495714 0.0149906710147603 0.014865740427026
"469" 0.0147640948495714 0.0149920277582644 0.0148617920942351
"470" 0.0147640948495714 0.0149933845017685 0.014857812089347
"471" 0.0147640948495714 0.0149947412452727 0.0148538004123616
"472" 0.0147640948495714 0.0149960979887768 0.0148497570632789
"473" 0.0147640948495714 0.0149974547322809 0.0148456820420989
"474" 0.0147640948495714 0.014998811475785 0.0148415753488217
"475" 0.0147640948495714 0.0150001682192892 0.0148374369834471
"476" 0.0147640948495714 0.0150015249627933 0.0148332669459753
"477" 0.0147640948495714 0.0150028817062974 0.0148290652364062
"478" 0.0147640948495714 0.0150042384498015 0.0148248318547398
"479" 0.0147640948495714 0.0150055951933057 0.0148205668009761
"480" 0.0147640948495714 0.0150069519368098 0.0148162700751152
"481" 0.0147640948495714 0.0150083086803139 0.0148119416771569
"482" 0.0147640948495714 0.015009665423818 0.0148075816071014
"483" 0.0147640948495714 0.0150110221673222 0.0148031898649486
"484" 0.0147640948495714 0.0150123789108263 0.0147987664506985
"485" 0.0147640948495714 0.0150137356543304 0.0147943113643511
"486" 0.0147640948495714 0.0150150923978346 0.0147898246059065
"487" 0.0147640948495714 0.0150164491413387 0.0147853061753645
"488" 0.0147640948495714 0.0150178058848428 0.0147807560727253
"489" 0.0147640948495714 0.0150191626283469 0.0147761742979888
"490" 0.0147640948495714 0.0150205193718511 0.014771560851155
"491" 0.0147640948495714 0.0150218761153552 0.0147669157322239
"492" 0.0147640948495714 0.0150232328588593 0.0147622389411956
"493" 0.0147640948495714 0.0150245896023634 0.0147575304780699
"494" 0.0147640948495714 0.0150259463458676 0.014752790342847
"495" 0.0147640948495714 0.0150273030893717 0.0147480185355268
"496" 0.0147640948495714 0.0150286598328758 0.0147432150561093
"497" 0.0147640948495714 0.0150300165763799 0.0147383799045945
"498" 0.0147640948495714 0.0150313733198841 0.0147335130809824
"499" 0.0147640948495714 0.0150327300633882 0.0147286145852731
"500" 0.0147640948495714 0.0150340868068923 0.0147236844174665
"501" 0.0147640948495714 0.0150354435503964 0.0147187225775626
"502" 0.0147640948495714 0.0150368002939006 0.0147137290655614
"503" 0.0147640948495714 0.0150381570374047 0.0147087038814629
"504" 0.0147640948495714 0.0150395137809088 0.0147036470252671
"505" 0.0147640948495714 0.0150408705244129 0.0146985584969741
"506" 0.0147640948495714 0.0150422272679171 0.0146934382965838
"507" 0.0147640948495714 0.0150435840114212 0.0146882864240961
"508" 0.0147640948495714 0.0150449407549253 0.0146831028795112
"509" 0.0147640948495714 0.0150462974984294 0.0146778876628291
"510" 0.0147640948495714 0.0150476542419336 0.0146726407740496
"511" 0.0147640948495714 0.0150490109854377 0.0146673622131729
"512" 0.0147640948495714 0.0150503677289418 0.0146620519801988
"513" 0.0147640948495714 0.0150517244724459 0.0146567100751275
"514" 0.0147640948495714 0.0150530812159501 0.0146513364979589
"515" 0.0147640948495714 0.0150544379594542 0.0146459312486931
"516" 0.0147640948495714 0.0150557947029583 0.0146404943273299
"517" 0.0147640948495714 0.0150571514464624 0.0146350257338695
"518" 0.0147640948495714 0.0150585081899666 0.0146295254683117
"519" 0.0147640948495714 0.0150598649334707 0.0146239935306567
"520" 0.0147640948495714 0.0150612216769748 0.0146184299209044
"521" 0.0147640948495714 0.0150625784204789 0.0146128346390548
"522" 0.0147640948495714 0.0150639351639831 0.014607207685108
"523" 0.0147640948495714 0.0150652919074872 0.0146015490590638
"524" 0.0147640948495714 0.0150666486509913 0.0145958587609224
"525" 0.0147640948495714 0.0150680053944954 0.0145901367906837
"526" 0.0147640948495714 0.0150693621379996 0.0145843831483477
"527" 0.0147640948495714 0.0150707188815037 0.0145785978339144
"528" 0.0147640948495714 0.0150720756250078 0.0145727808473839
"529" 0.0147640948495714 0.0150734323685119 0.014566932188756
"530" 0.0147640948495714 0.0150747891120161 0.0145610518580309
"531" 0.0147640948495714 0.0150761458555202 0.0145551398552085
"532" 0.0147640948495714 0.0150775025990243 0.0145491961802888
"533" 0.0147640948495714 0.0150788593425284 0.0145432208332718
"534" 0.0147640948495714 0.0150802160860326 0.0145372138141575
"535" 0.0147640948495714 0.0150815728295367 0.014531175122946
"536" 0.0147640948495714 0.0150829295730408 0.0145251047596372
"537" 0.0147640948495714 0.0150842863165449 0.014519002724231
"538" 0.0147640948495714 0.0150856430600491 0.0145128690167277
"539" 0.0147640948495714 0.0150869998035532 0.014506703637127
"540" 0.0147640948495714 0.0150883565470573 0.014500506585429
"541" 0.0147640948495714 0.0150897132905614 0.0144942778616338
"542" 0.0147640948495714 0.0150910700340656 0.0144880174657412
"543" 0.0147640948495714 0.0150924267775697 0.0144817253977514
"544" 0.0147640948495714 0.0150937835210738 0.0144754016576643
"545" 0.0147640948495714 0.0150951402645779 0.0144690462454799
"546" 0.0147640948495714 0.0150964970080821 0.0144626591611983
"547" 0.0147640948495714 0.0150978537515862 0.0144562404048193
"548" 0.0147640948495714 0.0150992104950903 0.0144497899763431
"549" 0.0147640948495714 0.0151005672385944 0.0144433078757696
"550" 0.0147640948495714 0.0151019239820986 0.0144367941030988
"551" 0.0147640948495714 0.0151032807256027 0.0144302486583307
"552" 0.0147640948495714 0.0151046374691068 0.0144236715414654
"553" 0.0147640948495714 0.0151059942126109 0.0144170627525027
"554" 0.0147640948495714 0.0151073509561151 0.0144104222914428
"555" 0.0147640948495714 0.0151087076996192 0.0144037501582856
"556" 0.0147640948495714 0.0151100644431233 0.0143970463530311
"557" 0.0147640948495714 0.0151114211866274 0.0143903108756793
"558" 0.0147640948495714 0.0151127779301316 0.0143835437262302
"559" 0.0147640948495714 0.0151141346736357 0.0143767449046839
"560" 0.0147640948495714 0.0151154914171398 0.0143699144110403
"561" 0.0147640948495714 0.0151168481606439 0.0143630522452993
"562" 0.0147640948495714 0.0151182049041481 0.0143561584074611
"563" 0.0147640948495714 0.0151195616476522 0.0143492328975257
"564" 0.0147640948495714 0.0151209183911563 0.0143422757154929
"565" 0.0147640948495714 0.0151222751346605 0.0143352868613628
"566" 0.0147640948495714 0.0151236318781646 0.0143282663351355
"567" 0.0147640948495714 0.0151249886216687 0.0143212141368109
"568" 0.0147640948495714 0.0151263453651728 0.014314130266389
"569" 0.0147640948495714 0.015127702108677 0.0143070147238698
"570" 0.0147640948495714 0.0151290588521811 0.0142998675092534
"571" 0.0147640948495714 0.0151304155956852 0.0142926886225396
"572" 0.0147640948495714 0.0151317723391893 0.0142854780637286
"573" 0.0147640948495714 0.0151331290826935 0.0142782358328203
"574" 0.0147640948495714 0.0151344858261976 0.0142709619298147
"575" 0.0147640948495714 0.0151358425697017 0.0142636563547118
"576" 0.0147640948495714 0.0151371993132058 0.0142563191075116
"577" 0.0147640948495714 0.01513855605671 0.0142489501882142
"578" 0.0147640948495714 0.0151399128002141 0.0142415495968194
"579" 0.0147640948495714 0.0151412695437182 0.0142341173333274
"580" 0.0147640948495714 0.0151426262872223 0.0142266533977381
"581" 0.0147640948495714 0.0151439830307265 0.0142191577900515
"582" 0.0147640948495714 0.0151453397742306 0.0142116305102677
"583" 0.0147640948495714 0.0151466965177347 0.0142040715583865
"584" 0.0147640948495714 0.0151480532612388 0.0141964809344081
"585" 0.0147640948495714 0.015149410004743 0.0141888586383324
"586" 0.0147640948495714 0.0151507667482471 0.0141812046701594
"587" 0.0147640948495714 0.0151521234917512 0.0141735190298891
"588" 0.0147640948495714 0.0151534802352553 0.0141658017175215
"589" 0.0147640948495714 0.0151548369787595 0.0141580527330567
"590" 0.0147640948495714 0.0151561937222636 0.0141502720764946
"591" 0.0147640948495714 0.0151575504657677 0.0141424597478352
"592" 0.0147640948495714 0.0151589072092718 0.0141346157470785
"593" 0.0147640948495714 0.015160263952776 0.0141267400742245
"594" 0.0147640948495714 0.0151616206962801 0.0141188327292732
"595" 0.0147640948495714 0.0151629774397842 0.0141108937122247
"596" 0.0147640948495714 0.0151643341832883 0.0141029230230788
"597" 0.0147640948495714 0.0151656909267925 0.0140949206618357
"598" 0.0147640948495714 0.0151670476702966 0.0140868866284953
"599" 0.0147640948495714 0.0151684044138007 0.0140788209230576
"600" 0.0147640948495714 0.0151697611573048 0.0140707235455227
"601" 0.0147640948495714 0.015171117900809 0.0140625944958904
