"fitted.vals.predict.alpha.inter.only" "fitted.vals.predict.alpha.linear" "fitted.vals.predict.alpha.quad"
"1" 0.135585733813994 0.163466763256881 0.21200829916744
"2" 0.135585733813994 0.163373826492071 0.211499985545338
"3" 0.135585733813994 0.163280889727261 0.210993058824263
"4" 0.135585733813994 0.163187952962452 0.210487519004213
"5" 0.135585733813994 0.163095016197642 0.20998336608519
"6" 0.135585733813994 0.163002079432833 0.209480600067193
"7" 0.135585733813994 0.162909142668023 0.208979220950221
"8" 0.135585733813994 0.162816205903213 0.208479228734276
"9" 0.135585733813994 0.162723269138404 0.207980623419357
"10" 0.135585733813994 0.162630332373594 0.207483405005464
"11" 0.135585733813994 0.162537395608784 0.206987573492596
"12" 0.135585733813994 0.162444458843975 0.206493128880755
"13" 0.135585733813994 0.162351522079165 0.20600007116994
"14" 0.135585733813994 0.162258585314356 0.205508400360151
"15" 0.135585733813994 0.162165648549546 0.205018116451387
"16" 0.135585733813994 0.162072711784736 0.20452921944365
"17" 0.135585733813994 0.161979775019927 0.204041709336939
"18" 0.135585733813994 0.161886838255117 0.203555586131254
"19" 0.135585733813994 0.161793901490307 0.203070849826595
"20" 0.135585733813994 0.161700964725498 0.202587500422962
"21" 0.135585733813994 0.161608027960688 0.202105537920354
"22" 0.135585733813994 0.161515091195879 0.201624962318773
"23" 0.135585733813994 0.161422154431069 0.201145773618218
"24" 0.135585733813994 0.161329217666259 0.200667971818689
"25" 0.135585733813994 0.16123628090145 0.200191556920186
"26" 0.135585733813994 0.16114334413664 0.199716528922709
"27" 0.135585733813994 0.16105040737183 0.199242887826258
"28" 0.135585733813994 0.160957470607021 0.198770633630833
"29" 0.135585733813994 0.160864533842211 0.198299766336434
"30" 0.135585733813994 0.160771597077402 0.197830285943061
"31" 0.135585733813994 0.160678660312592 0.197362192450714
"32" 0.135585733813994 0.160585723547782 0.196895485859393
"33" 0.135585733813994 0.160492786782973 0.196430166169099
"34" 0.135585733813994 0.160399850018163 0.19596623337983
"35" 0.135585733813994 0.160306913253354 0.195503687491587
"36" 0.135585733813994 0.160213976488544 0.19504252850437
"37" 0.135585733813994 0.160121039723734 0.194582756418179
"38" 0.135585733813994 0.160028102958925 0.194124371233014
"39" 0.135585733813994 0.159935166194115 0.193667372948875
"40" 0.135585733813994 0.159842229429305 0.193211761565763
"41" 0.135585733813994 0.159749292664496 0.192757537083676
"42" 0.135585733813994 0.159656355899686 0.192304699502615
"43" 0.135585733813994 0.159563419134877 0.19185324882258
"44" 0.135585733813994 0.159470482370067 0.191403185043572
"45" 0.135585733813994 0.159377545605257 0.190954508165589
"46" 0.135585733813994 0.159284608840448 0.190507218188632
"47" 0.135585733813994 0.159191672075638 0.190061315112701
"48" 0.135585733813994 0.159098735310828 0.189616798937797
"49" 0.135585733813994 0.159005798546019 0.189173669663918
"50" 0.135585733813994 0.158912861781209 0.188731927291065
"51" 0.135585733813994 0.1588199250164 0.188291571819239
"52" 0.135585733813994 0.15872698825159 0.187852603248438
"53" 0.135585733813994 0.15863405148678 0.187415021578664
"54" 0.135585733813994 0.158541114721971 0.186978826809915
"55" 0.135585733813994 0.158448177957161 0.186544018942192
"56" 0.135585733813994 0.158355241192351 0.186110597975496
"57" 0.135585733813994 0.158262304427542 0.185678563909825
"58" 0.135585733813994 0.158169367662732 0.185247916745181
"59" 0.135585733813994 0.158076430897923 0.184818656481562
"60" 0.135585733813994 0.157983494133113 0.18439078311897
"61" 0.135585733813994 0.157890557368303 0.183964296657403
"62" 0.135585733813994 0.157797620603494 0.183539197096863
"63" 0.135585733813994 0.157704683838684 0.183115484437349
"64" 0.135585733813994 0.157611747073874 0.18269315867886
"65" 0.135585733813994 0.157518810309065 0.182272219821398
"66" 0.135585733813994 0.157425873544255 0.181852667864961
"67" 0.135585733813994 0.157332936779446 0.181434502809551
"68" 0.135585733813994 0.157240000014636 0.181017724655167
"69" 0.135585733813994 0.157147063249826 0.180602333401808
"70" 0.135585733813994 0.157054126485017 0.180188329049476
"71" 0.135585733813994 0.156961189720207 0.17977571159817
"72" 0.135585733813994 0.156868252955397 0.179364481047889
"73" 0.135585733813994 0.156775316190588 0.178954637398635
"74" 0.135585733813994 0.156682379425778 0.178546180650407
"75" 0.135585733813994 0.156589442660969 0.178139110803205
"76" 0.135585733813994 0.156496505896159 0.177733427857028
"77" 0.135585733813994 0.156403569131349 0.177329131811878
"78" 0.135585733813994 0.15631063236654 0.176926222667754
"79" 0.135585733813994 0.15621769560173 0.176524700424656
"80" 0.135585733813994 0.15612475883692 0.176124565082584
"81" 0.135585733813994 0.156031822072111 0.175725816641538
"82" 0.135585733813994 0.155938885307301 0.175328455101517
"83" 0.135585733813994 0.155845948542492 0.174932480462523
"84" 0.135585733813994 0.155753011777682 0.174537892724555
"85" 0.135585733813994 0.155660075012872 0.174144691887613
"86" 0.135585733813994 0.155567138248063 0.173752877951697
"87" 0.135585733813994 0.155474201483253 0.173362450916807
"88" 0.135585733813994 0.155381264718443 0.172973410782943
"89" 0.135585733813994 0.155288327953634 0.172585757550105
"90" 0.135585733813994 0.155195391188824 0.172199491218293
"91" 0.135585733813994 0.155102454424015 0.171814611787507
"92" 0.135585733813994 0.155009517659205 0.171431119257747
"93" 0.135585733813994 0.154916580894395 0.171049013629013
"94" 0.135585733813994 0.154823644129586 0.170668294901305
"95" 0.135585733813994 0.154730707364776 0.170288963074623
"96" 0.135585733813994 0.154637770599966 0.169911018148967
"97" 0.135585733813994 0.154544833835157 0.169534460124337
"98" 0.135585733813994 0.154451897070347 0.169159289000734
"99" 0.135585733813994 0.154358960305538 0.168785504778156
"100" 0.135585733813994 0.154266023540728 0.168413107456604
"101" 0.135585733813994 0.154173086775918 0.168042097036078
"102" 0.135585733813994 0.154080150011109 0.167672473516578
"103" 0.135585733813994 0.153987213246299 0.167304236898104
"104" 0.135585733813994 0.153894276481489 0.166937387180657
"105" 0.135585733813994 0.15380133971668 0.166571924364235
"106" 0.135585733813994 0.15370840295187 0.166207848448839
"107" 0.135585733813994 0.153615466187061 0.165845159434469
"108" 0.135585733813994 0.153522529422251 0.165483857321126
"109" 0.135585733813994 0.153429592657441 0.165123942108808
"110" 0.135585733813994 0.153336655892632 0.164765413797516
"111" 0.135585733813994 0.153243719127822 0.164408272387251
"112" 0.135585733813994 0.153150782363012 0.164052517878011
"113" 0.135585733813994 0.153057845598203 0.163698150269797
"114" 0.135585733813994 0.152964908833393 0.16334516956261
"115" 0.135585733813994 0.152871972068584 0.162993575756448
"116" 0.135585733813994 0.152779035303774 0.162643368851313
"117" 0.135585733813994 0.152686098538964 0.162294548847203
"118" 0.135585733813994 0.152593161774155 0.161947115744119
"119" 0.135585733813994 0.152500225009345 0.161601069542062
"120" 0.135585733813994 0.152407288244536 0.16125641024103
"121" 0.135585733813994 0.152314351479726 0.160913137841025
"122" 0.135585733813994 0.152221414714916 0.160571252342045
"123" 0.135585733813994 0.152128477950107 0.160230753744092
"124" 0.135585733813994 0.152035541185297 0.159891642047164
"125" 0.135585733813994 0.151942604420487 0.159553917251263
"126" 0.135585733813994 0.151849667655678 0.159217579356388
"127" 0.135585733813994 0.151756730890868 0.158882628362538
"128" 0.135585733813994 0.151663794126059 0.158549064269715
"129" 0.135585733813994 0.151570857361249 0.158216887077917
"130" 0.135585733813994 0.151477920596439 0.157886096787146
"131" 0.135585733813994 0.15138498383163 0.157556693397401
"132" 0.135585733813994 0.15129204706682 0.157228676908681
"133" 0.135585733813994 0.15119911030201 0.156902047320988
"134" 0.135585733813994 0.151106173537201 0.156576804634321
"135" 0.135585733813994 0.151013236772391 0.156252948848679
"136" 0.135585733813994 0.150920300007582 0.155930479964064
"137" 0.135585733813994 0.150827363242772 0.155609397980475
"138" 0.135585733813994 0.150734426477962 0.155289702897912
"139" 0.135585733813994 0.150641489713153 0.154971394716374
"140" 0.135585733813994 0.150548552948343 0.154654473435863
"141" 0.135585733813994 0.150455616183533 0.154338939056378
"142" 0.135585733813994 0.150362679418724 0.154024791577919
"143" 0.135585733813994 0.150269742653914 0.153712031000486
"144" 0.135585733813994 0.150176805889105 0.153400657324079
"145" 0.135585733813994 0.150083869124295 0.153090670548697
"146" 0.135585733813994 0.149990932359485 0.152782070674342
"147" 0.135585733813994 0.149897995594676 0.152474857701013
"148" 0.135585733813994 0.149805058829866 0.15216903162871
"149" 0.135585733813994 0.149712122065056 0.151864592457433
"150" 0.135585733813994 0.149619185300247 0.151561540187182
"151" 0.135585733813994 0.149526248535437 0.151259874817957
"152" 0.135585733813994 0.149433311770628 0.150959596349758
"153" 0.135585733813994 0.149340375005818 0.150660704782585
"154" 0.135585733813994 0.149247438241008 0.150363200116438
"155" 0.135585733813994 0.149154501476199 0.150067082351317
"156" 0.135585733813994 0.149061564711389 0.149772351487222
"157" 0.135585733813994 0.148968627946579 0.149479007524153
"158" 0.135585733813994 0.14887569118177 0.14918705046211
"159" 0.135585733813994 0.14878275441696 0.148896480301093
"160" 0.135585733813994 0.148689817652151 0.148607297041103
"161" 0.135585733813994 0.148596880887341 0.148319500682138
"162" 0.135585733813994 0.148503944122531 0.148033091224199
"163" 0.135585733813994 0.148411007357722 0.147748068667286
"164" 0.135585733813994 0.148318070592912 0.147464433011399
"165" 0.135585733813994 0.148225133828102 0.147182184256538
"166" 0.135585733813994 0.148132197063293 0.146901322402704
"167" 0.135585733813994 0.148039260298483 0.146621847449895
"168" 0.135585733813994 0.147946323533674 0.146343759398112
"169" 0.135585733813994 0.147853386768864 0.146067058247355
"170" 0.135585733813994 0.147760450004054 0.145791743997625
"171" 0.135585733813994 0.147667513239245 0.14551781664892
"172" 0.135585733813994 0.147574576474435 0.145245276201241
"173" 0.135585733813994 0.147481639709625 0.144974122654589
"174" 0.135585733813994 0.147388702944816 0.144704356008962
"175" 0.135585733813994 0.147295766180006 0.144435976264361
"176" 0.135585733813994 0.147202829415197 0.144168983420787
"177" 0.135585733813994 0.147109892650387 0.143903377478238
"178" 0.135585733813994 0.147016955885577 0.143639158436715
"179" 0.135585733813994 0.146924019120768 0.143376326296219
"180" 0.135585733813994 0.146831082355958 0.143114881056748
"181" 0.135585733813994 0.146738145591149 0.142854822718304
"182" 0.135585733813994 0.146645208826339 0.142596151280885
"183" 0.135585733813994 0.146552272061529 0.142338866744493
"184" 0.135585733813994 0.14645933529672 0.142082969109126
"185" 0.135585733813994 0.14636639853191 0.141828458374786
"186" 0.135585733813994 0.1462734617671 0.141575334541471
"187" 0.135585733813994 0.146180525002291 0.141323597609183
"188" 0.135585733813994 0.146087588237481 0.14107324757792
"189" 0.135585733813994 0.145994651472672 0.140824284447684
"190" 0.135585733813994 0.145901714707862 0.140576708218473
"191" 0.135585733813994 0.145808777943052 0.140330518890289
"192" 0.135585733813994 0.145715841178243 0.140085716463131
"193" 0.135585733813994 0.145622904413433 0.139842300936998
"194" 0.135585733813994 0.145529967648623 0.139600272311892
"195" 0.135585733813994 0.145437030883814 0.139359630587812
"196" 0.135585733813994 0.145344094119004 0.139120375764757
"197" 0.135585733813994 0.145251157354195 0.138882507842729
"198" 0.135585733813994 0.145158220589385 0.138646026821727
"199" 0.135585733813994 0.145065283824575 0.138410932701751
"200" 0.135585733813994 0.144972347059766 0.1381772254828
"201" 0.135585733813994 0.144879410294956 0.137944905164876
"202" 0.135585733813994 0.144786473530146 0.137713971747978
"203" 0.135585733813994 0.144693536765337 0.137484425232106
"204" 0.135585733813994 0.144600600000527 0.137256265617259
"205" 0.135585733813994 0.144507663235718 0.137029492903439
"206" 0.135585733813994 0.144414726470908 0.136804107090645
"207" 0.135585733813994 0.144321789706098 0.136580108178877
"208" 0.135585733813994 0.144228852941289 0.136357496168135
"209" 0.135585733813994 0.144135916176479 0.136136271058419
"210" 0.135585733813994 0.144042979411669 0.135916432849729
"211" 0.135585733813994 0.14395004264686 0.135697981542065
"212" 0.135585733813994 0.14385710588205 0.135480917135427
"213" 0.135585733813994 0.143764169117241 0.135265239629815
"214" 0.135585733813994 0.143671232352431 0.135050949025229
"215" 0.135585733813994 0.143578295587621 0.134838045321669
"216" 0.135585733813994 0.143485358822812 0.134626528519135
"217" 0.135585733813994 0.143392422058002 0.134416398617627
"218" 0.135585733813994 0.143299485293192 0.134207655617145
"219" 0.135585733813994 0.143206548528383 0.134000299517689
"220" 0.135585733813994 0.143113611763573 0.133794330319259
"221" 0.135585733813994 0.143020674998764 0.133589748021855
"222" 0.135585733813994 0.142927738233954 0.133386552625477
"223" 0.135585733813994 0.142834801469144 0.133184744130125
"224" 0.135585733813994 0.142741864704335 0.132984322535799
"225" 0.135585733813994 0.142648927939525 0.132785287842499
"226" 0.135585733813994 0.142555991174715 0.132587640050226
"227" 0.135585733813994 0.142463054409906 0.132391379158978
"228" 0.135585733813994 0.142370117645096 0.132196505168756
"229" 0.135585733813994 0.142277180880287 0.13200301807956
"230" 0.135585733813994 0.142184244115477 0.13181091789139
"231" 0.135585733813994 0.142091307350667 0.131620204604247
"232" 0.135585733813994 0.141998370585858 0.131430878218129
"233" 0.135585733813994 0.141905433821048 0.131242938733037
"234" 0.135585733813994 0.141812497056238 0.131056386148972
"235" 0.135585733813994 0.141719560291429 0.130871220465932
"236" 0.135585733813994 0.141626623526619 0.130687441683918
"237" 0.135585733813994 0.14153368676181 0.13050504980293
"238" 0.135585733813994 0.141440749997 0.130324044822969
"239" 0.135585733813994 0.14134781323219 0.130144426744033
"240" 0.135585733813994 0.141254876467381 0.129966195566124
"241" 0.135585733813994 0.141161939702571 0.12978935128924
"242" 0.135585733813994 0.141069002937761 0.129613893913382
"243" 0.135585733813994 0.140976066172952 0.129439823438551
"244" 0.135585733813994 0.140883129408142 0.129267139864745
"245" 0.135585733813994 0.140790192643333 0.129095843191966
"246" 0.135585733813994 0.140697255878523 0.128925933420212
"247" 0.135585733813994 0.140604319113713 0.128757410549485
"248" 0.135585733813994 0.140511382348904 0.128590274579783
"249" 0.135585733813994 0.140418445584094 0.128424525511108
"250" 0.135585733813994 0.140325508819284 0.128260163343458
"251" 0.135585733813994 0.140232572054475 0.128097188076835
"252" 0.135585733813994 0.140139635289665 0.127935599711238
"253" 0.135585733813994 0.140046698524856 0.127775398246666
"254" 0.135585733813994 0.139953761760046 0.127616583683121
"255" 0.135585733813994 0.139860824995236 0.127459156020601
"256" 0.135585733813994 0.139767888230427 0.127303115259108
"257" 0.135585733813994 0.139674951465617 0.127148461398641
"258" 0.135585733813994 0.139582014700807 0.126995194439199
"259" 0.135585733813994 0.139489077935998 0.126843314380784
"260" 0.135585733813994 0.139396141171188 0.126692821223395
"261" 0.135585733813994 0.139303204406379 0.126543714967032
"262" 0.135585733813994 0.139210267641569 0.126395995611694
"263" 0.135585733813994 0.139117330876759 0.126249663157383
"264" 0.135585733813994 0.13902439411195 0.126104717604098
"265" 0.135585733813994 0.13893145734714 0.125961158951839
"266" 0.135585733813994 0.138838520582331 0.125818987200606
"267" 0.135585733813994 0.138745583817521 0.125678202350398
"268" 0.135585733813994 0.138652647052711 0.125538804401217
"269" 0.135585733813994 0.138559710287902 0.125400793353062
"270" 0.135585733813994 0.138466773523092 0.125264169205933
"271" 0.135585733813994 0.138373836758282 0.12512893195983
"272" 0.135585733813994 0.138280899993473 0.124995081614753
"273" 0.135585733813994 0.138187963228663 0.124862618170702
"274" 0.135585733813994 0.138095026463854 0.124731541627677
"275" 0.135585733813994 0.138002089699044 0.124601851985677
"276" 0.135585733813994 0.137909152934234 0.124473549244704
"277" 0.135585733813994 0.137816216169425 0.124346633404757
"278" 0.135585733813994 0.137723279404615 0.124221104465836
"279" 0.135585733813994 0.137630342639805 0.124096962427941
"280" 0.135585733813994 0.137537405874996 0.123974207291073
"281" 0.135585733813994 0.137444469110186 0.12385283905523
"282" 0.135585733813994 0.137351532345377 0.123732857720413
"283" 0.135585733813994 0.137258595580567 0.123614263286622
"284" 0.135585733813994 0.137165658815757 0.123497055753857
"285" 0.135585733813994 0.137072722050948 0.123381235122118
"286" 0.135585733813994 0.136979785286138 0.123266801391405
"287" 0.135585733813994 0.136886848521328 0.123153754561718
"288" 0.135585733813994 0.136793911756519 0.123042094633057
"289" 0.135585733813994 0.136700974991709 0.122931821605423
"290" 0.135585733813994 0.1366080382269 0.122822935478814
"291" 0.135585733813994 0.13651510146209 0.122715436253231
"292" 0.135585733813994 0.13642216469728 0.122609323928674
"293" 0.135585733813994 0.136329227932471 0.122504598505143
"294" 0.135585733813994 0.136236291167661 0.122401259982639
"295" 0.135585733813994 0.136143354402851 0.12229930836116
"296" 0.135585733813994 0.136050417638042 0.122198743640707
"297" 0.135585733813994 0.135957480873232 0.122099565821281
"298" 0.135585733813994 0.135864544108423 0.12200177490288
"299" 0.135585733813994 0.135771607343613 0.121905370885505
"300" 0.135585733813994 0.135678670578803 0.121810353769157
"301" 0.135585733813994 0.135585733813994 0.121716723553834
"302" 0.135585733813994 0.135492797049184 0.121624480239537
"303" 0.135585733813994 0.135399860284374 0.121533623826267
"304" 0.135585733813994 0.135306923519565 0.121444154314022
"305" 0.135585733813994 0.135213986754755 0.121356071702804
"306" 0.135585733813994 0.135121049989946 0.121269375992611
"307" 0.135585733813994 0.135028113225136 0.121184067183444
"308" 0.135585733813994 0.134935176460326 0.121100145275304
"309" 0.135585733813994 0.134842239695517 0.121017610268189
"310" 0.135585733813994 0.134749302930707 0.120936462162101
"311" 0.135585733813994 0.134656366165897 0.120856700957038
"312" 0.135585733813994 0.134563429401088 0.120778326653002
"313" 0.135585733813994 0.134470492636278 0.120701339249992
"314" 0.135585733813994 0.134377555871469 0.120625738748007
"315" 0.135585733813994 0.134284619106659 0.120551525147049
"316" 0.135585733813994 0.134191682341849 0.120478698447116
"317" 0.135585733813994 0.13409874557704 0.12040725864821
"318" 0.135585733813994 0.13400580881223 0.12033720575033
"319" 0.135585733813994 0.13391287204742 0.120268539753475
"320" 0.135585733813994 0.133819935282611 0.120201260657647
"321" 0.135585733813994 0.133726998517801 0.120135368462845
"322" 0.135585733813994 0.133634061752992 0.120070863169068
"323" 0.135585733813994 0.133541124988182 0.120007744776318
"324" 0.135585733813994 0.133448188223372 0.119946013284594
"325" 0.135585733813994 0.133355251458563 0.119885668693896
"326" 0.135585733813994 0.133262314693753 0.119826711004223
"327" 0.135585733813994 0.133169377928943 0.119769140215577
"328" 0.135585733813994 0.133076441164134 0.119712956327957
"329" 0.135585733813994 0.132983504399324 0.119658159341363
"330" 0.135585733813994 0.132890567634515 0.119604749255795
"331" 0.135585733813994 0.132797630869705 0.119552726071252
"332" 0.135585733813994 0.132704694104895 0.119502089787736
"333" 0.135585733813994 0.132611757340086 0.119452840405246
"334" 0.135585733813994 0.132518820575276 0.119404977923782
"335" 0.135585733813994 0.132425883810466 0.119358502343344
"336" 0.135585733813994 0.132332947045657 0.119313413663932
"337" 0.135585733813994 0.132240010280847 0.119269711885546
"338" 0.135585733813994 0.132147073516038 0.119227397008186
"339" 0.135585733813994 0.132054136751228 0.119186469031852
"340" 0.135585733813994 0.131961199986418 0.119146927956544
"341" 0.135585733813994 0.131868263221609 0.119108773782262
"342" 0.135585733813994 0.131775326456799 0.119072006509006
"343" 0.135585733813994 0.13168238969199 0.119036626136776
"344" 0.135585733813994 0.13158945292718 0.119002632665572
"345" 0.135585733813994 0.13149651616237 0.118970026095394
"346" 0.135585733813994 0.131403579397561 0.118938806426242
"347" 0.135585733813994 0.131310642632751 0.118908973658116
"348" 0.135585733813994 0.131217705867941 0.118880527791016
"349" 0.135585733813994 0.131124769103132 0.118853468824942
"350" 0.135585733813994 0.131031832338322 0.118827796759895
"351" 0.135585733813994 0.130938895573513 0.118803511595873
"352" 0.135585733813994 0.130845958808703 0.118780613332877
"353" 0.135585733813994 0.130753022043893 0.118759101970907
"354" 0.135585733813994 0.130660085279084 0.118738977509963
"355" 0.135585733813994 0.130567148514274 0.118720239950046
"356" 0.135585733813994 0.130474211749464 0.118702889291154
"357" 0.135585733813994 0.130381274984655 0.118686925533288
"358" 0.135585733813994 0.130288338219845 0.118672348676448
"359" 0.135585733813994 0.130195401455036 0.118659158720635
"360" 0.135585733813994 0.130102464690226 0.118647355665847
"361" 0.135585733813994 0.130009527925416 0.118636939512085
"362" 0.135585733813994 0.129916591160607 0.11862791025935
"363" 0.135585733813994 0.129823654395797 0.11862026790764
"364" 0.135585733813994 0.129730717630987 0.118614012456956
"365" 0.135585733813994 0.129637780866178 0.118609143907299
"366" 0.135585733813994 0.129544844101368 0.118605662258667
"367" 0.135585733813994 0.129451907336559 0.118603567511062
"368" 0.135585733813994 0.129358970571749 0.118602859664482
"369" 0.135585733813994 0.129266033806939 0.118603538718928
"370" 0.135585733813994 0.12917309704213 0.118605604674401
"371" 0.135585733813994 0.12908016027732 0.118609057530899
"372" 0.135585733813994 0.12898722351251 0.118613897288424
"373" 0.135585733813994 0.128894286747701 0.118620123946974
"374" 0.135585733813994 0.128801349982891 0.118627737506551
"375" 0.135585733813994 0.128708413218082 0.118636737967154
"376" 0.135585733813994 0.128615476453272 0.118647125328782
"377" 0.135585733813994 0.128522539688462 0.118658899591437
"378" 0.135585733813994 0.128429602923653 0.118672060755117
"379" 0.135585733813994 0.128336666158843 0.118686608819824
"380" 0.135585733813994 0.128243729394033 0.118702543785557
"381" 0.135585733813994 0.128150792629224 0.118719865652315
"382" 0.135585733813994 0.128057855864414 0.1187385744201
"383" 0.135585733813994 0.127964919099605 0.118758670088911
"384" 0.135585733813994 0.127871982334795 0.118780152658747
"385" 0.135585733813994 0.127779045569985 0.11880302212961
"386" 0.135585733813994 0.127686108805176 0.118827278501499
"387" 0.135585733813994 0.127593172040366 0.118852921774413
"388" 0.135585733813994 0.127500235275556 0.118879951948354
"389" 0.135585733813994 0.127407298510747 0.118908369023321
"390" 0.135585733813994 0.127314361745937 0.118938172999314
"391" 0.135585733813994 0.127221424981128 0.118969363876333
"392" 0.135585733813994 0.127128488216318 0.119001941654377
"393" 0.135585733813994 0.127035551451508 0.119035906333448
"394" 0.135585733813994 0.126942614686699 0.119071257913545
"395" 0.135585733813994 0.126849677921889 0.119107996394668
"396" 0.135585733813994 0.126756741157079 0.119146121776817
"397" 0.135585733813994 0.12666380439227 0.119185634059992
"398" 0.135585733813994 0.12657086762746 0.119226533244193
"399" 0.135585733813994 0.126477930862651 0.11926881932942
"400" 0.135585733813994 0.126384994097841 0.119312492315672
"401" 0.135585733813994 0.126292057333031 0.119357552202951
"402" 0.135585733813994 0.126199120568222 0.119403998991256
"403" 0.135585733813994 0.126106183803412 0.119451832680587
"404" 0.135585733813994 0.126013247038602 0.119501053270944
"405" 0.135585733813994 0.125920310273793 0.119551660762327
"406" 0.135585733813994 0.125827373508983 0.119603655154737
"407" 0.135585733813994 0.125734436744174 0.119657036448172
"408" 0.135585733813994 0.125641499979364 0.119711804642633
"409" 0.135585733813994 0.125548563214554 0.11976795973812
"410" 0.135585733813994 0.125455626449745 0.119825501734633
"411" 0.135585733813994 0.125362689684935 0.119884430632172
"412" 0.135585733813994 0.125269752920125 0.119944746430737
"413" 0.135585733813994 0.125176816155316 0.120006449130328
"414" 0.135585733813994 0.125083879390506 0.120069538730945
"415" 0.135585733813994 0.124990942625697 0.120134015232589
"416" 0.135585733813994 0.124898005860887 0.120199878635258
"417" 0.135585733813994 0.124805069096077 0.120267128938953
"418" 0.135585733813994 0.124712132331268 0.120335766143674
"419" 0.135585733813994 0.124619195566458 0.120405790249422
"420" 0.135585733813994 0.124526258801649 0.120477201256195
"421" 0.135585733813994 0.124433322036839 0.120549999163994
"422" 0.135585733813994 0.124340385272029 0.120624183972819
"423" 0.135585733813994 0.12424744850722 0.120699755682671
"424" 0.135585733813994 0.12415451174241 0.120776714293548
"425" 0.135585733813994 0.1240615749776 0.120855059805451
"426" 0.135585733813994 0.123968638212791 0.120934792218381
"427" 0.135585733813994 0.123875701447981 0.121015911532336
"428" 0.135585733813994 0.123782764683172 0.121098417747318
"429" 0.135585733813994 0.123689827918362 0.121182310863325
"430" 0.135585733813994 0.123596891153552 0.121267590880358
"431" 0.135585733813994 0.123503954388743 0.121354257798418
"432" 0.135585733813994 0.123411017623933 0.121442311617503
"433" 0.135585733813994 0.123318080859123 0.121531752337615
"434" 0.135585733813994 0.123225144094314 0.121622579958752
"435" 0.135585733813994 0.123132207329504 0.121714794480916
"436" 0.135585733813994 0.123039270564695 0.121808395904105
"437" 0.135585733813994 0.122946333799885 0.121903384228321
"438" 0.135585733813994 0.122853397035075 0.121999759453562
"439" 0.135585733813994 0.122760460270266 0.12209752157983
"440" 0.135585733813994 0.122667523505456 0.122196670607124
"441" 0.135585733813994 0.122574586740646 0.122297206535443
"442" 0.135585733813994 0.122481649975837 0.122399129364789
"443" 0.135585733813994 0.122388713211027 0.12250243909516
"444" 0.135585733813994 0.122295776446218 0.122607135726558
"445" 0.135585733813994 0.122202839681408 0.122713219258982
"446" 0.135585733813994 0.122109902916598 0.122820689692431
"447" 0.135585733813994 0.122016966151789 0.122929547026907
"448" 0.135585733813994 0.121924029386979 0.123039791262409
"449" 0.135585733813994 0.121831092622169 0.123151422398937
"450" 0.135585733813994 0.12173815585736 0.12326444043649
"451" 0.135585733813994 0.12164521909255 0.12337884537507
"452" 0.135585733813994 0.121552282327741 0.123494637214676
"453" 0.135585733813994 0.121459345562931 0.123611815955308
"454" 0.135585733813994 0.121366408798121 0.123730381596966
"455" 0.135585733813994 0.121273472033312 0.123850334139649
"456" 0.135585733813994 0.121180535268502 0.123971673583359
"457" 0.135585733813994 0.121087598503692 0.124094399928095
"458" 0.135585733813994 0.120994661738883 0.124218513173857
"459" 0.135585733813994 0.120901724974073 0.124344013320645
"460" 0.135585733813994 0.120808788209264 0.124470900368459
"461" 0.135585733813994 0.120715851444454 0.124599174317299
"462" 0.135585733813994 0.120622914679644 0.124728835167165
"463" 0.135585733813994 0.120529977914835 0.124859882918057
"464" 0.135585733813994 0.120437041150025 0.124992317569975
"465" 0.135585733813994 0.120344104385215 0.125126139122919
"466" 0.135585733813994 0.120251167620406 0.125261347576889
"467" 0.135585733813994 0.120158230855596 0.125397942931885
"468" 0.135585733813994 0.120065294090787 0.125535925187907
"469" 0.135585733813994 0.119972357325977 0.125675294344955
"470" 0.135585733813994 0.119879420561167 0.125816050403029
"471" 0.135585733813994 0.119786483796358 0.125958193362129
"472" 0.135585733813994 0.119693547031548 0.126101723222255
"473" 0.135585733813994 0.119600610266738 0.126246639983407
"474" 0.135585733813994 0.119507673501929 0.126392943645585
"475" 0.135585733813994 0.119414736737119 0.126540634208789
"476" 0.135585733813994 0.11932179997231 0.126689711673019
"477" 0.135585733813994 0.1192288632075 0.126840176038276
"478" 0.135585733813994 0.11913592644269 0.126992027304558
"479" 0.135585733813994 0.119042989677881 0.127145265471866
"480" 0.135585733813994 0.118950052913071 0.1272998905402
"481" 0.135585733813994 0.118857116148261 0.127455902509561
"482" 0.135585733813994 0.118764179383452 0.127613301379947
"483" 0.135585733813994 0.118671242618642 0.127772087151359
"484" 0.135585733813994 0.118578305853833 0.127932259823797
"485" 0.135585733813994 0.118485369089023 0.128093819397262
"486" 0.135585733813994 0.118392432324213 0.128256765871752
"487" 0.135585733813994 0.118299495559404 0.128421099247268
"488" 0.135585733813994 0.118206558794594 0.128586819523811
"489" 0.135585733813994 0.118113622029785 0.128753926701379
"490" 0.135585733813994 0.118020685264975 0.128922420779973
"491" 0.135585733813994 0.117927748500165 0.129092301759594
"492" 0.135585733813994 0.117834811735356 0.12926356964024
"493" 0.135585733813994 0.117741874970546 0.129436224421913
"494" 0.135585733813994 0.117648938205736 0.129610266104611
"495" 0.135585733813994 0.117556001440927 0.129785694688336
"496" 0.135585733813994 0.117463064676117 0.129962510173086
"497" 0.135585733813994 0.117370127911308 0.130140712558863
"498" 0.135585733813994 0.117277191146498 0.130320301845665
"499" 0.135585733813994 0.117184254381688 0.130501278033494
"500" 0.135585733813994 0.117091317616879 0.130683641122348
"501" 0.135585733813994 0.116998380852069 0.130867391112229
"502" 0.135585733813994 0.116905444087259 0.131052528003135
"503" 0.135585733813994 0.11681250732245 0.131239051795068
"504" 0.135585733813994 0.11671957055764 0.131426962488027
"505" 0.135585733813994 0.116626633792831 0.131616260082011
"506" 0.135585733813994 0.116533697028021 0.131806944577022
"507" 0.135585733813994 0.116440760263211 0.131999015973058
"508" 0.135585733813994 0.116347823498402 0.132192474270121
"509" 0.135585733813994 0.116254886733592 0.13238731946821
"510" 0.135585733813994 0.116161949968782 0.132583551567325
"511" 0.135585733813994 0.116069013203973 0.132781170567465
"512" 0.135585733813994 0.115976076439163 0.132980176468632
"513" 0.135585733813994 0.115883139674354 0.133180569270825
"514" 0.135585733813994 0.115790202909544 0.133382348974044
"515" 0.135585733813994 0.115697266144734 0.133585515578288
"516" 0.135585733813994 0.115604329379925 0.133790069083559
"517" 0.135585733813994 0.115511392615115 0.133996009489856
"518" 0.135585733813994 0.115418455850305 0.134203336797179
"519" 0.135585733813994 0.115325519085496 0.134412051005528
"520" 0.135585733813994 0.115232582320686 0.134622152114902
"521" 0.135585733813994 0.115139645555877 0.134833640125303
"522" 0.135585733813994 0.115046708791067 0.13504651503673
"523" 0.135585733813994 0.114953772026257 0.135260776849183
"524" 0.135585733813994 0.114860835261448 0.135476425562662
"525" 0.135585733813994 0.114767898496638 0.135693461177167
"526" 0.135585733813994 0.114674961731828 0.135911883692698
"527" 0.135585733813994 0.114582024967019 0.136131693109255
"528" 0.135585733813994 0.114489088202209 0.136352889426838
"529" 0.135585733813994 0.1143961514374 0.136575472645447
"530" 0.135585733813994 0.11430321467259 0.136799442765082
"531" 0.135585733813994 0.11421027790778 0.137024799785743
"532" 0.135585733813994 0.114117341142971 0.13725154370743
"533" 0.135585733813994 0.114024404378161 0.137479674530143
"534" 0.135585733813994 0.113931467613351 0.137709192253882
"535" 0.135585733813994 0.113838530848542 0.137940096878647
"536" 0.135585733813994 0.113745594083732 0.138172388404439
"537" 0.135585733813994 0.113652657318923 0.138406066831256
"538" 0.135585733813994 0.113559720554113 0.138641132159099
"539" 0.135585733813994 0.113466783789303 0.138877584387968
"540" 0.135585733813994 0.113373847024494 0.139115423517863
"541" 0.135585733813994 0.113280910259684 0.139354649548784
"542" 0.135585733813994 0.113187973494874 0.139595262480732
"543" 0.135585733813994 0.113095036730065 0.139837262313705
"544" 0.135585733813994 0.113002099965255 0.140080649047704
"545" 0.135585733813994 0.112909163200446 0.140325422682729
"546" 0.135585733813994 0.112816226435636 0.140571583218781
"547" 0.135585733813994 0.112723289670826 0.140819130655858
"548" 0.135585733813994 0.112630352906017 0.141068064993961
"549" 0.135585733813994 0.112537416141207 0.141318386233091
"550" 0.135585733813994 0.112444479376397 0.141570094373246
"551" 0.135585733813994 0.112351542611588 0.141823189414427
"552" 0.135585733813994 0.112258605846778 0.142077671356635
"553" 0.135585733813994 0.112165669081969 0.142333540199868
"554" 0.135585733813994 0.112072732317159 0.142590795944127
"555" 0.135585733813994 0.111979795552349 0.142849438589413
"556" 0.135585733813994 0.11188685878754 0.143109468135724
"557" 0.135585733813994 0.11179392202273 0.143370884583062
"558" 0.135585733813994 0.11170098525792 0.143633687931425
"559" 0.135585733813994 0.111608048493111 0.143897878180815
"560" 0.135585733813994 0.111515111728301 0.14416345533123
"561" 0.135585733813994 0.111422174963492 0.144430419382672
"562" 0.135585733813994 0.111329238198682 0.144698770335139
"563" 0.135585733813994 0.111236301433872 0.144968508188633
"564" 0.135585733813994 0.111143364669063 0.145239632943152
"565" 0.135585733813994 0.111050427904253 0.145512144598698
"566" 0.135585733813994 0.110957491139444 0.14578604315527
"567" 0.135585733813994 0.110864554374634 0.146061328612867
"568" 0.135585733813994 0.110771617609824 0.146338000971491
"569" 0.135585733813994 0.110678680845015 0.146616060231141
"570" 0.135585733813994 0.110585744080205 0.146895506391816
"571" 0.135585733813994 0.110492807315395 0.147176339453518
"572" 0.135585733813994 0.110399870550586 0.147458559416246
"573" 0.135585733813994 0.110306933785776 0.147742166279999
"574" 0.135585733813994 0.110213997020967 0.148027160044779
"575" 0.135585733813994 0.110121060256157 0.148313540710585
"576" 0.135585733813994 0.110028123491347 0.148601308277417
"577" 0.135585733813994 0.109935186726538 0.148890462745274
"578" 0.135585733813994 0.109842249961728 0.149181004114158
"579" 0.135585733813994 0.109749313196918 0.149472932384068
"580" 0.135585733813994 0.109656376432109 0.149766247555004
"581" 0.135585733813994 0.109563439667299 0.150060949626966
"582" 0.135585733813994 0.10947050290249 0.150357038599953
"583" 0.135585733813994 0.10937756613768 0.150654514473967
"584" 0.135585733813994 0.10928462937287 0.150953377249007
"585" 0.135585733813994 0.109191692608061 0.151253626925073
"586" 0.135585733813994 0.109098755843251 0.151555263502165
"587" 0.135585733813994 0.109005819078441 0.151858286980283
"588" 0.135585733813994 0.108912882313632 0.152162697359427
"589" 0.135585733813994 0.108819945548822 0.152468494639597
"590" 0.135585733813994 0.108727008784013 0.152775678820793
"591" 0.135585733813994 0.108634072019203 0.153084249903015
"592" 0.135585733813994 0.108541135254393 0.153394207886263
"593" 0.135585733813994 0.108448198489584 0.153705552770537
"594" 0.135585733813994 0.108355261724774 0.154018284555837
"595" 0.135585733813994 0.108262324959964 0.154332403242163
"596" 0.135585733813994 0.108169388195155 0.154647908829515
"597" 0.135585733813994 0.108076451430345 0.154964801317893
"598" 0.135585733813994 0.107983514665536 0.155283080707297
"599" 0.135585733813994 0.107890577900726 0.155602746997727
"600" 0.135585733813994 0.107797641135916 0.155923800189184
"601" 0.135585733813994 0.107704704371107 0.156246240281666
