"init.par" "p2" "p3" "p4" "p5" "quad.coef" "lin.coef"
"dn.vals.r9" 0.000220102147241298 0.000576657409640031 0.00226375143201227 0.00528138421435802 0.00962955575667728 0.000665269379986754 -0.00163925287756153
"gamma.vals.r9" 0.00722353707226245 0.0841444630863278 0.120852171076724 0.117346661043451 0.0736279329865089 -0.0201066090118346 0.137240753049569
"rn.vals.r9" 0.0356681670696733 0.0399364484949577 0.0374758505879141 0.0282863733485426 0.0123680167768431 -0.00336443966616397 0.0143616004237763
"eta.vals.r9" 16.2788988052384 13.550608278329 12.643026428595 13.5561532560365 16.2899887606533 0.910354338587706 -5.45935354267251
"dm.vals.r9" 0.0158173014372945 0.0158173014372945 0.0158173014372945 0.0158173014372945 0.0158173014372945 NA NA
"alpha.vals.r9" 0.162336951062491 0.125684364909274 0.100214779723014 0.0859281955037092 0.0828246122513608 0.00559150048347807 -0.053427087603651
"r.init.vals.r9" 1.14204036421137 1.14204036421137 1.14204036421137 1.14204036421137 1.14204036421137 NA NA
"p.ext.vals.r9" 0.0925694010467524 0.0925694010467524 0.0925694010467524 0.0925694010467524 0.0925694010467524 NA NA
"p.mit.vals.r9" 0.497825650108131 0.707738884473722 0.740491959510791 0.59608487521934 0.274517631599366 -0.0885800796642607 0.475653473358373
