"init.par" "p2" "p3" "p4" "p5" "quad.coef" "lin.coef"
"dn.vals.r10" 0.00033733267704247 0.000340467116643053 0.00132097732464163 0.00327886330103819 0.00621412504583274 0.000488687884198995 -0.0014629292129964
"gamma.vals.r10" 0.00572790560581911 0.102458134357958 0.147039956189389 0.139473371100112 0.079758379090127 -0.0260742034603539 0.174952839133201
"rn.vals.r10" 0.0640515246276698 0.0730448171522996 0.0732030721757543 0.0645262896980339 0.0470144697191384 -0.00441751875058756 0.0222458487763925
"eta.vals.r10" 11.7732789476292 8.70182459679116 8.04476596697283 9.80210305817419 13.9738358703952 1.20719786050985 -6.69304793236756
"dm.vals.r10" 0.0252124884211912 0.0252124884211912 0.0252124884211912 0.0252124884211912 0.0252124884211912 NA NA
"alpha.vals.r10" 0.118473472080177 0.0908809096521241 0.0825262955737449 0.0934096298450398 0.123530912466009 0.00961897417483701 -0.0564494849525642
"r.init.vals.r10" 1.90312750770768 1.90312750770768 1.90312750770768 1.90312750770768 1.90312750770768 NA NA
"p.ext.vals.r10" 0.0819460031277779 0.0819460031277779 0.0819460031277779 0.0819460031277779 0.0819460031277779 NA NA
"p.mit.vals.r10" 0.360285260363569 0.765698650763142 0.882621221947936 0.71105297391795 0.250993906673185 -0.14424540960739 0.838149619221742
