"init.par" "p2" "p3" "p4" "p5" "quad.coef" "lin.coef"
"dn.vals.r8" 0.000511759199647136 0.000446397978003109 0.0015376158734778 0.00378541288607121 0.00718978901578334 0.000578289558559359 -0.0018002298973221
"gamma.vals.r8" 0.00753292930919423 0.10138703433765 0.164969130100463 0.198279216597631 0.201317293829156 -0.015136004632822 0.139262118926922
"rn.vals.r8" 0.0448914313751266 0.053761447291864 0.0558949075692334 0.0512918122072351 0.0399521612058688 -0.00336827781968393 0.0189748493757892
"eta.vals.r8" 16.8572593882897 12.7513833149536 11.0923118447328 11.8800449776273 15.114582713637 1.22340230155762 -7.77608297800891
"dm.vals.r8" 0.0182710240267703 0.0182710240267703 0.0182710240267703 0.0182710240267703 0.0182710240267703 NA NA
"alpha.vals.r8" 0.156897245134628 0.111473352231572 0.0888273178924146 0.0889591421171554 0.111868824905794 0.0113889292819491 -0.0795906807489029
"r.init.vals.r8" 2.82489459022016 2.82489459022016 2.82489459022016 2.82489459022016 2.82489459022016 NA NA
"p.ext.vals.r8" 0.0758964126562647 0.0758964126562647 0.0758964126562647 0.0758964126562647 0.0758964126562647 NA NA
"p.mit.vals.r8" 0.319133188078616 0.691511516008439 0.807291748088846 0.666473884319835 0.269057924701408 -0.128299047924708 0.757275471703948
